100
100
3000 3000 3000 3000 3000 3000 3000 3000 3000 3000 3000 3000 3000 3000 3000 3000 3000 3000 3000 3000 3000 3000 3000 3000 3000 3000 3000 3000 3000 3000 3000 3000 3000 3000 3000 3000 3000 3000 3000 3000 3000 3000 3000 3000 3000 3000 3000 3000 3000 3000 3000 3000 3000 3000 3000 3000 3000 3000 3000 3000 3000 3000 3000 3000 3000 3000 3000 3000 3000 3000 3000 3000 3000 3000 3000 3000 3000 3000 3000 3000 3000 3000 3000 3000 3000 3000 3000 3000 3000 3000 3000 3000 3000 3000 3000 3000 3000 3000 3000 3000
0 0 4
0 3 2
0 18 1
0 29 2
0 35 4
0 48 3
0 54 4
0 59 3
0 73 4
0 76 4
0 90 4
1 4 2
1 12 1
1 13 4
1 25 0
1 38 4
1 44 2
1 47 2
1 63 4
1 66 0
1 67 4
1 70 4
1 75 2
1 81 2
1 84 2
1 86 4
2 13 4
2 27 2
2 31 0
2 32 1
2 33 3
2 41 4
2 46 1
2 48 0
2 71 2
2 90 2
2 91 3
2 97 2
3 19 3
3 22 4
3 31 1
3 69 3
3 80 2
3 91 0
4 2 3
4 4 4
4 5 3
4 14 4
4 52 0
4 55 2
4 59 1
4 66 3
4 69 1
4 84 3
4 92 1
4 94 4
4 95 1
5 31 0
5 52 2
5 65 2
5 73 0
5 77 0
5 84 0
5 85 2
6 5 4
6 10 0
6 27 3
6 28 0
6 29 4
6 34 0
6 37 2
6 40 0
6 49 3
6 55 0
6 72 0
6 78 2
6 90 1
6 94 2
7 5 3
7 11 0
7 12 3
7 18 1
7 53 1
7 54 3
7 57 2
7 62 1
7 65 1
7 97 1
8 21 1
8 29 1
8 39 4
8 41 4
8 51 1
8 60 2
8 61 0
8 94 3
8 95 0
8 98 0
9 10 3
9 13 0
9 15 2
9 29 1
9 30 0
9 33 2
9 44 4
9 47 3
9 57 4
9 73 4
9 96 4
10 9 4
10 10 3
10 33 3
10 43 3
10 56 2
10 57 0
10 68 1
10 78 0
10 81 3
10 87 4
10 99 4
11 6 0
11 21 1
11 27 4
11 31 3
11 32 1
11 39 1
11 46 2
11 54 3
11 55 0
11 56 4
11 64 1
11 73 2
11 78 3
11 79 0
11 81 4
11 83 3
11 85 0
11 86 1
11 89 1
12 15 3
12 19 2
12 43 0
12 45 3
12 60 2
12 80 1
12 83 4
12 93 2
12 94 3
12 98 2
13 14 3
13 15 3
13 30 4
13 66 2
13 83 4
13 93 0
14 2 0
14 24 3
14 34 4
14 42 1
14 49 0
14 69 2
14 74 2
14 88 0
15 28 1
15 35 3
15 51 1
15 53 2
15 55 3
15 81 2
15 92 3
16 25 2
16 26 3
16 38 4
16 41 4
16 48 1
16 54 3
16 65 2
16 77 4
16 80 1
16 82 3
16 90 0
16 96 0
17 32 3
17 36 1
17 37 3
17 51 2
17 73 2
17 75 4
17 81 1
17 82 2
17 89 0
17 99 1
18 1 4
18 2 4
18 11 0
18 17 2
18 22 0
18 31 4
18 39 3
18 47 2
18 60 0
18 62 0
18 66 3
18 72 1
18 79 4
18 84 0
18 94 0
19 10 2
19 16 4
19 45 4
19 51 2
19 66 2
19 71 2
19 99 0
20 1 2
20 5 2
20 35 0
20 42 0
20 45 4
20 51 0
20 57 1
20 88 2
20 91 4
21 0 0
21 4 1
21 7 0
21 9 2
21 21 3
21 22 1
21 28 4
21 41 1
21 69 2
21 87 0
21 88 1
21 89 2
22 1 1
22 3 2
22 8 3
22 11 3
22 23 2
22 24 3
22 39 0
22 40 3
22 44 2
22 65 3
22 83 2
23 6 0
23 26 0
23 30 1
23 33 0
23 41 4
23 56 4
23 66 2
23 77 0
23 86 1
23 87 2
23 91 0
23 99 3
24 27 0
24 43 0
24 46 0
24 67 2
24 72 3
25 18 3
25 25 1
25 30 2
25 34 0
25 41 2
25 43 2
25 48 4
25 55 0
25 58 1
25 61 1
25 64 3
25 66 3
25 76 3
25 93 3
25 96 4
26 7 3
26 10 0
26 16 2
26 21 0
26 27 2
26 47 0
26 53 3
26 74 0
26 87 4
27 6 1
27 24 3
27 27 3
27 34 0
27 39 2
27 46 4
27 56 0
27 59 2
27 62 4
27 70 1
28 6 2
28 48 1
28 55 2
28 57 1
28 64 3
28 89 3
29 11 4
29 12 4
29 17 4
29 21 4
29 33 3
29 36 4
29 47 2
29 50 1
29 86 3
29 90 0
30 8 2
30 12 4
30 24 1
30 25 2
30 31 0
30 41 4
30 51 2
30 71 3
30 81 0
30 83 3
30 87 1
30 89 3
30 91 1
31 28 4
31 37 2
31 38 1
31 43 1
31 49 3
31 50 2
31 53 0
31 54 2
31 62 4
31 63 2
31 74 2
31 75 4
31 81 0
31 84 2
31 85 2
31 92 4
32 8 3
32 41 2
32 48 3
32 52 0
32 68 0
32 89 2
32 95 3
32 96 3
33 3 1
33 8 4
33 14 4
33 16 4
33 20 1
33 24 3
33 42 0
33 50 4
33 54 4
33 61 4
33 87 2
34 0 4
34 1 3
34 9 4
34 13 3
34 16 1
34 21 4
34 37 4
34 64 4
34 88 1
34 91 2
34 97 2
35 9 2
35 16 4
35 17 1
35 42 1
35 48 4
35 58 1
35 61 1
35 68 2
35 73 0
35 76 1
35 83 1
36 20 3
36 23 3
36 58 4
36 66 4
36 83 0
36 98 2
37 33 3
37 39 0
37 55 4
37 61 4
37 64 0
37 65 2
37 69 3
37 71 1
37 75 1
37 78 2
37 84 3
37 91 4
37 94 0
38 6 1
38 25 3
38 28 1
38 46 0
38 51 3
39 7 4
39 19 3
39 22 0
39 25 1
39 27 4
39 29 2
39 35 2
39 36 2
39 42 0
39 53 3
39 59 4
39 67 2
39 75 4
39 79 1
39 93 3
40 9 2
40 11 2
40 13 3
40 57 0
40 62 0
40 67 2
40 76 1
40 88 3
40 99 4
41 3 0
41 13 0
41 17 4
41 20 0
41 25 4
41 26 2
41 38 1
41 61 4
41 71 1
41 82 4
41 86 3
41 88 0
41 90 2
42 3 4
42 9 4
42 19 3
42 20 4
42 42 4
42 63 1
42 67 1
42 70 2
42 88 3
42 93 4
42 94 2
42 95 4
43 5 2
43 7 0
43 17 3
43 18 0
43 44 3
43 77 2
43 93 2
44 6 2
44 14 2
44 20 4
44 21 2
44 22 1
44 28 4
44 29 1
44 38 2
44 45 2
44 52 0
44 67 1
44 72 2
44 81 2
44 82 1
44 83 2
44 99 4
45 4 3
45 6 3
45 18 0
45 27 1
45 31 2
45 44 3
45 50 2
45 56 1
45 62 0
45 78 2
45 85 3
45 89 3
46 9 2
46 10 3
46 11 4
46 14 3
46 44 1
46 70 1
47 1 4
47 10 0
47 18 3
47 23 3
47 33 1
47 36 2
47 72 0
47 80 1
47 87 0
47 90 0
47 91 1
48 0 3
48 13 0
48 30 2
48 32 0
48 68 0
48 71 2
48 72 4
48 74 4
48 76 4
48 86 4
49 2 2
49 13 2
49 33 4
49 42 4
49 64 4
49 69 4
50 3 0
50 5 4
50 12 2
50 23 1
50 36 2
50 58 0
50 69 1
50 95 4
51 2 3
51 10 2
51 12 3
51 14 4
51 17 4
51 29 2
51 39 3
51 46 0
51 49 1
51 68 1
51 76 1
51 80 0
51 85 0
51 95 2
51 97 0
52 2 1
52 5 0
52 20 2
52 26 4
52 27 2
52 32 4
52 43 4
52 44 1
52 50 1
52 58 2
52 62 3
52 66 4
52 72 3
52 85 3
53 26 3
53 31 3
53 32 2
53 37 0
53 48 3
53 54 3
53 58 2
53 65 4
53 67 1
53 75 1
53 86 2
53 89 1
53 98 0
54 4 2
54 8 3
54 18 2
54 35 3
54 38 1
54 58 3
54 60 0
54 70 0
54 80 4
54 95 1
55 8 1
55 24 3
55 30 0
55 38 0
55 45 3
55 80 4
55 87 1
55 95 1
55 99 2
56 1 2
56 24 1
56 29 0
56 40 2
56 53 4
56 57 1
56 60 3
56 62 2
57 6 0
57 8 1
57 15 0
57 17 0
57 19 0
57 29 3
57 33 1
57 35 3
57 38 1
57 40 0
57 78 2
57 93 0
57 96 2
58 16 4
58 20 2
58 44 1
58 49 1
58 56 2
58 61 3
58 63 0
58 64 0
58 66 4
58 76 4
58 77 3
58 82 3
58 97 2
59 1 4
59 34 1
59 50 0
59 51 2
59 82 1
59 85 2
60 3 0
60 32 0
60 51 2
60 60 1
60 64 4
60 74 0
60 76 3
60 94 2
61 18 0
61 19 2
61 20 3
61 49 2
61 52 4
61 56 2
61 92 1
61 94 2
62 0 3
62 15 2
62 23 3
62 25 3
62 26 3
62 40 3
62 52 2
62 58 1
62 65 1
62 72 1
62 82 0
62 84 3
63 18 0
63 22 4
63 32 3
63 37 2
63 38 3
63 47 0
63 52 2
63 57 3
63 68 0
63 74 0
63 75 2
63 85 3
63 92 3
64 4 1
64 15 2
64 17 4
64 21 0
64 43 0
64 52 1
64 53 2
64 54 3
64 61 0
64 78 4
64 82 4
65 1 4
65 35 4
65 45 0
65 47 4
65 59 2
65 76 4
65 77 3
65 83 2
65 84 4
66 12 1
66 23 3
66 29 1
66 47 2
66 65 2
66 68 2
66 86 4
66 87 1
66 96 3
66 98 0
67 1 2
67 20 0
67 40 4
67 55 3
67 63 2
67 69 0
67 73 3
67 87 2
68 11 3
68 12 0
68 16 0
68 19 3
68 30 1
68 42 1
68 44 4
68 50 1
68 81 4
68 85 2
69 14 0
69 40 4
69 48 4
69 60 3
69 68 1
69 74 2
69 89 4
70 19 3
70 39 2
70 49 1
70 61 4
70 65 2
70 73 1
70 79 4
70 93 3
70 95 4
71 7 4
71 20 2
71 21 2
71 26 3
71 31 3
71 36 1
71 51 2
71 59 0
71 82 3
71 88 1
72 0 3
72 15 4
72 30 4
72 33 0
72 37 0
72 42 2
72 46 1
72 58 0
72 63 1
72 73 3
72 92 2
72 96 4
73 7 2
73 8 3
73 10 0
73 15 2
73 23 2
73 36 2
73 47 0
73 69 2
73 79 3
73 85 3
74 0 3
74 2 3
74 12 4
74 42 2
74 59 3
74 71 4
74 76 4
74 78 3
74 83 1
74 98 3
75 6 0
75 34 2
75 54 4
75 55 2
75 60 3
75 67 4
75 70 2
75 79 4
75 90 4
76 0 2
76 2 3
76 3 3
76 4 0
76 21 3
76 23 1
76 26 1
76 34 3
76 46 1
76 54 2
76 56 0
76 67 3
76 74 2
76 93 3
76 99 4
77 0 0
77 13 4
77 22 3
77 28 3
77 35 2
77 57 2
77 59 4
77 62 1
77 65 3
77 75 1
77 77 0
77 79 1
78 1 2
78 5 4
78 17 3
78 19 2
78 62 0
78 84 1
78 91 2
78 92 2
79 0 1
79 4 4
79 9 3
79 10 0
79 16 0
79 23 0
79 37 3
79 39 4
79 40 4
79 77 1
80 8 3
80 14 4
80 40 0
80 55 4
80 80 4
80 97 0
81 4 4
81 7 4
81 11 4
81 25 4
81 31 4
81 37 2
81 44 0
81 49 2
81 59 3
81 63 2
81 72 4
81 78 1
82 34 1
82 39 1
82 43 3
82 56 0
82 71 2
82 77 4
82 89 3
82 93 1
82 98 3
83 22 1
83 45 3
83 53 4
83 58 0
83 70 4
83 79 3
83 98 1
84 2 4
84 5 4
84 11 1
84 36 3
84 40 3
84 90 0
84 91 2
84 99 3
85 11 1
85 16 3
85 28 0
85 52 3
85 56 1
85 74 3
85 78 3
85 80 4
85 81 3
85 92 2
86 5 0
86 23 3
86 24 3
86 37 2
86 45 3
86 50 2
86 53 1
86 70 0
86 88 4
87 2 4
87 6 3
87 16 2
87 46 3
87 50 4
87 60 2
87 63 2
87 70 3
87 71 4
87 79 3
87 97 1
88 32 3
88 36 4
88 59 2
88 74 0
88 96 2
89 9 4
89 46 1
89 49 2
89 86 3
89 96 4
89 98 3
90 3 2
90 18 3
90 19 4
90 22 1
90 24 1
90 36 0
90 41 3
90 75 2
90 82 4
90 95 2
91 7 4
91 12 2
91 15 3
91 24 0
91 28 4
91 50 0
91 67 4
91 73 4
91 79 0
91 97 4
91 99 3
92 3 4
92 4 3
92 9 3
92 15 4
92 35 0
92 41 1
92 45 2
92 61 3
92 68 4
92 88 3
92 92 4
92 94 0
92 98 0
93 13 3
93 63 1
93 92 1
93 97 2
94 27 1
94 34 2
94 49 4
94 69 3
94 77 1
95 7 3
95 14 3
95 17 4
95 30 4
95 32 4
95 43 1
95 52 2
95 63 2
95 68 0
95 70 4
95 96 1
96 7 2
96 22 3
96 25 0
96 26 2
96 34 0
96 38 3
96 47 4
96 57 3
96 71 4
96 75 4
96 86 3
96 90 0
96 97 3
97 26 1
97 28 1
97 80 1
98 30 4
98 35 1
98 43 2
98 48 0
98 53 2
98 60 3
98 64 2
98 72 0
99 8 1
99 14 4
99 45 1
99 64 3
99 84 2
