100
100
3000 3000 3000 3000 3000 3000 3000 3000 3000 3000 3000 3000 3000 3000 3000 3000 3000 3000 3000 3000 3000 3000 3000 3000 3000 3000 3000 3000 3000 3000 3000 3000 3000 3000 3000 3000 3000 3000 3000 3000 3000 3000 3000 3000 3000 3000 3000 3000 3000 3000 3000 3000 3000 3000 3000 3000 3000 3000 3000 3000 3000 3000 3000 3000 3000 3000 3000 3000 3000 3000 3000 3000 3000 3000 3000 3000 3000 3000 3000 3000 3000 3000 3000 3000 3000 3000 3000 3000 3000 3000 3000 3000 3000 3000 3000 3000 3000 3000 3000 3000
0 5 3
0 25 2
0 38 2
0 46 2
0 57 0
0 68 0
0 81 3
0 96 4
1 7 0
1 10 3
1 17 4
1 19 1
1 23 0
1 30 1
1 44 0
1 52 4
1 59 4
1 75 4
1 78 1
1 79 0
1 81 0
1 82 4
1 83 2
1 84 4
1 94 2
2 10 1
2 24 0
2 38 1
2 47 3
2 56 2
2 81 4
2 86 1
3 2 3
3 15 2
3 20 4
3 63 0
3 82 3
3 83 0
3 86 1
3 93 3
4 7 1
4 10 1
4 13 3
4 17 1
4 39 1
4 44 3
4 56 2
4 67 0
4 78 4
4 90 0
5 14 2
5 17 3
5 27 1
5 35 2
5 44 1
5 62 1
5 65 4
5 74 0
5 76 3
5 80 3
5 92 0
6 33 1
6 35 2
6 38 0
6 41 2
6 45 4
6 72 3
6 75 1
6 79 4
6 88 0
6 90 4
6 95 0
7 4 3
7 6 2
7 12 2
7 13 2
7 17 1
7 23 2
7 31 1
7 34 4
7 51 2
7 55 0
7 63 2
7 67 1
7 88 0
7 92 1
8 11 0
8 12 3
8 31 3
8 38 4
8 56 4
8 73 3
8 81 3
8 83 3
9 3 4
9 4 1
9 5 1
9 17 1
9 32 0
9 47 3
9 68 3
9 80 2
9 85 0
10 13 1
10 15 0
10 19 4
10 34 3
10 38 0
10 41 3
10 61 3
10 67 3
10 79 4
10 90 3
11 7 0
11 18 4
11 19 2
11 29 2
11 36 4
11 39 1
11 58 4
11 72 3
11 74 4
11 77 1
11 81 1
11 84 3
11 92 2
12 33 0
12 41 1
12 62 4
12 85 3
13 20 0
13 38 0
13 47 3
13 61 2
13 66 3
13 76 1
13 81 3
13 91 2
14 7 1
14 12 1
14 17 1
14 43 2
14 51 3
14 54 1
14 62 4
14 64 3
14 68 4
14 99 4
15 3 3
15 7 0
15 21 4
15 24 0
15 34 2
15 37 0
15 42 3
15 43 0
15 47 4
15 57 0
15 58 3
15 61 0
15 68 2
15 85 0
15 93 1
16 13 3
16 25 4
16 64 1
16 82 3
16 83 3
17 1 1
17 15 0
17 45 2
17 60 2
17 61 4
17 63 2
17 70 0
17 91 0
18 4 2
18 11 3
18 16 2
18 32 0
18 37 1
18 71 1
18 79 2
18 81 4
18 82 4
18 84 4
18 89 2
18 93 0
19 5 3
19 20 1
19 31 1
19 47 1
19 62 2
19 64 2
19 75 3
19 79 4
19 84 3
19 98 2
19 99 3
20 0 1
20 8 3
20 18 4
20 48 0
20 51 1
20 57 0
20 65 0
20 71 1
20 85 3
21 2 3
21 3 1
21 5 4
21 8 3
21 11 0
21 16 2
21 32 2
21 36 4
21 45 1
21 67 4
21 74 3
21 76 3
21 89 0
21 96 2
22 11 4
22 16 1
22 18 1
22 40 1
22 51 1
22 54 1
22 64 2
22 80 2
22 82 4
22 86 3
22 87 0
22 95 4
23 22 2
23 24 0
23 35 2
23 42 2
23 46 2
23 49 3
23 67 2
23 70 1
23 75 2
23 79 4
23 83 0
23 91 0
24 3 3
24 18 2
24 23 2
24 30 4
24 37 4
24 41 1
24 57 1
24 93 4
24 99 3
25 12 4
25 19 4
25 28 1
25 65 1
25 76 3
26 1 0
26 5 0
26 11 2
26 23 0
26 25 2
26 32 2
26 44 4
26 49 3
26 60 3
26 73 0
26 93 4
26 99 4
27 4 4
27 36 3
27 37 3
27 40 2
27 41 4
27 45 1
27 52 0
27 53 0
27 57 2
27 86 4
27 98 1
28 27 4
28 49 2
28 54 4
28 55 3
29 7 1
29 17 0
29 20 1
29 26 3
29 28 2
29 45 1
29 48 0
29 50 1
29 66 1
29 97 4
30 4 2
30 15 3
30 28 1
30 49 0
30 50 3
30 58 2
30 68 3
30 69 4
30 73 4
30 92 4
31 2 1
31 3 0
31 48 0
31 56 2
31 65 4
31 69 0
31 83 0
31 99 2
32 5 2
32 23 2
32 25 4
32 55 2
32 66 1
32 72 3
32 91 4
32 94 2
32 95 4
33 9 2
33 15 3
33 25 3
33 41 1
33 43 2
33 55 4
33 58 0
33 59 1
33 67 2
33 88 2
33 92 0
34 6 0
34 10 0
34 16 4
34 19 2
34 21 1
34 24 2
34 31 3
34 34 0
34 53 3
34 54 2
34 82 3
34 93 4
35 2 3
35 3 0
35 18 0
35 22 2
35 26 4
35 32 0
35 43 4
35 46 0
35 63 2
35 70 3
35 72 0
35 97 2
36 2 3
36 10 4
36 14 4
36 16 1
36 28 1
36 30 2
36 31 2
36 32 4
36 47 0
36 68 3
36 92 1
36 94 0
36 96 2
37 16 1
37 21 0
37 37 3
37 49 1
37 54 2
37 80 4
37 88 2
38 8 1
38 13 0
38 52 0
38 59 0
38 74 1
38 75 4
38 78 2
38 92 3
39 6 0
39 8 4
39 25 2
39 42 2
39 44 1
39 45 2
39 50 1
39 66 3
39 68 0
39 70 3
39 73 1
39 75 2
39 85 3
39 88 1
39 94 2
39 95 2
39 96 2
40 14 1
40 27 4
40 29 1
40 40 0
40 46 4
40 57 4
40 60 2
40 69 4
40 72 1
40 98 2
41 4 2
41 28 2
41 31 3
41 32 3
41 36 4
41 47 4
41 49 3
41 59 4
41 63 2
41 71 2
41 73 0
41 76 4
42 6 2
42 21 0
42 24 3
42 29 3
42 32 4
42 40 0
42 47 2
42 62 4
42 65 1
42 72 0
42 74 4
42 77 0
42 82 0
42 84 3
43 7 1
43 27 1
43 30 0
43 34 0
43 42 3
43 43 4
43 51 0
43 73 3
43 88 1
43 89 0
43 97 1
44 2 3
44 20 4
44 22 3
44 23 3
44 33 0
44 43 4
44 77 4
44 81 1
44 82 1
44 88 4
44 92 1
45 13 0
45 23 1
45 76 0
45 93 3
45 97 1
46 10 3
46 13 2
46 27 2
46 30 2
46 40 1
46 54 4
46 60 3
46 77 2
46 90 1
46 91 2
47 6 3
47 39 1
47 53 2
47 58 4
47 70 0
47 74 1
47 85 1
48 26 0
48 37 4
48 39 0
48 60 2
48 89 1
48 95 4
48 98 1
49 13 1
49 42 4
49 48 2
49 92 1
50 1 4
50 9 0
50 14 3
50 19 3
50 35 2
50 39 1
50 45 1
50 62 2
50 68 2
50 69 0
50 74 2
50 96 2
51 7 1
51 14 1
51 19 0
51 23 4
51 25 3
51 44 4
51 46 0
51 50 4
51 70 2
51 72 2
51 75 4
51 93 1
51 95 3
51 98 2
52 9 3
52 12 4
52 49 3
52 50 3
52 52 4
52 56 0
52 64 2
52 69 0
52 79 1
52 86 2
52 91 3
52 94 2
52 98 1
53 1 2
53 4 1
53 15 4
53 23 3
53 26 2
53 33 1
53 43 2
53 50 3
53 57 4
53 60 1
53 66 3
53 87 1
53 94 0
54 1 2
54 10 1
54 23 3
54 26 2
54 35 0
54 38 4
54 52 1
54 56 4
54 66 1
54 80 2
54 83 0
54 89 3
55 34 1
55 36 2
55 38 2
55 53 3
55 57 1
55 58 3
55 65 2
55 71 3
56 0 0
56 5 2
56 10 4
56 11 1
56 27 1
56 28 1
56 31 3
56 46 3
56 48 0
56 52 1
56 53 2
56 59 1
56 67 0
56 74 0
57 17 0
57 18 0
57 21 4
57 27 4
57 35 3
57 38 3
57 39 0
57 78 1
57 96 0
58 13 3
58 22 4
58 30 3
58 36 3
58 40 2
58 46 2
58 55 4
58 64 4
58 98 2
59 17 3
59 22 0
59 24 0
59 25 1
59 26 4
59 29 0
59 44 1
59 49 0
59 76 1
59 86 4
60 2 2
60 27 1
60 51 2
60 52 1
60 53 3
60 55 0
60 65 1
60 91 4
61 9 4
61 21 1
61 28 4
61 29 4
61 37 4
61 39 1
61 48 0
61 53 0
61 55 4
61 57 4
61 59 0
61 62 1
61 64 2
61 88 0
61 97 0
62 0 2
62 7 1
62 25 2
62 59 4
62 70 1
62 84 2
62 97 4
62 99 4
63 14 1
63 30 0
63 35 1
63 41 2
63 46 0
63 56 3
63 73 2
63 74 0
63 83 2
64 8 1
64 18 2
64 21 3
64 22 2
64 34 0
64 42 3
64 61 0
64 69 3
64 76 4
64 78 0
64 90 3
65 9 2
65 35 0
65 36 2
65 43 2
65 51 0
65 88 0
65 95 1
65 97 3
66 21 2
66 36 4
66 53 4
66 55 2
66 75 4
66 79 0
66 90 1
67 40 4
67 48 1
67 50 3
67 59 0
67 62 3
67 68 1
67 69 4
67 73 0
67 79 3
68 2 4
68 11 2
68 22 4
68 37 2
68 50 1
68 56 4
68 57 4
68 61 2
68 62 1
68 80 3
68 86 0
68 89 1
69 3 1
69 20 4
69 26 3
69 29 0
69 61 0
69 66 0
69 97 2
69 99 0
70 22 4
70 29 0
70 40 2
70 44 4
70 45 0
70 55 1
70 65 4
70 78 2
70 80 2
70 84 4
70 91 0
70 99 2
71 1 3
71 7 3
71 18 0
71 30 4
71 31 4
71 48 0
71 53 3
71 68 2
71 69 4
71 77 0
71 97 1
72 6 3
72 15 0
72 28 1
72 39 0
72 40 1
72 42 4
72 54 2
72 70 4
72 72 1
72 79 3
72 87 3
72 90 0
72 93 2
73 6 2
73 34 1
73 43 1
73 69 1
73 70 4
73 78 2
73 86 1
73 98 4
74 0 2
74 1 0
74 9 4
74 15 2
74 28 2
74 45 1
74 72 4
74 85 0
74 86 3
74 90 3
75 2 4
75 5 1
75 11 2
75 12 2
75 14 2
75 19 4
75 27 0
75 60 1
75 62 1
75 73 2
75 92 1
75 95 2
75 96 2
76 4 2
76 6 0
76 8 1
76 35 2
76 44 3
76 51 3
76 54 3
76 56 2
76 63 2
76 66 1
76 69 3
76 90 4
76 95 0
77 10 4
77 22 1
77 29 0
77 31 0
77 37 0
77 39 1
77 45 4
77 60 2
77 64 1
77 71 4
77 80 0
78 33 1
78 34 0
78 51 3
78 71 1
78 85 0
79 0 4
79 4 2
79 6 4
79 16 3
79 24 3
79 85 1
80 8 3
80 12 1
80 15 3
80 18 0
80 21 3
80 24 2
80 42 4
80 51 2
80 61 0
80 67 2
80 74 3
80 77 4
80 82 1
81 0 4
81 16 1
81 20 3
81 25 3
81 33 0
81 40 3
81 58 2
81 59 1
81 78 3
81 87 4
82 9 0
82 43 0
82 54 3
82 58 0
82 65 4
82 82 2
82 89 0
83 1 1
83 10 2
83 15 2
83 20 1
83 24 0
83 36 0
83 41 2
83 70 4
83 76 4
83 83 1
84 0 3
84 3 4
84 5 4
84 6 3
84 20 1
84 29 3
84 67 0
84 77 2
84 84 3
84 88 2
84 96 2
85 20 2
85 28 3
85 32 3
85 33 0
85 36 2
85 61 4
85 71 3
85 77 0
85 90 4
86 14 0
86 30 0
86 44 1
86 64 4
86 65 1
86 78 0
86 83 2
87 0 1
87 11 1
87 47 3
87 71 1
87 75 2
87 80 4
87 96 0
87 99 3
88 1 4
88 8 2
88 29 3
88 42 3
88 46 0
88 58 4
88 63 0
88 66 2
88 87 3
89 11 3
89 12 0
89 18 3
89 26 4
89 32 2
89 33 0
89 52 4
89 60 2
89 78 3
89 80 3
89 81 3
89 87 2
90 0 4
90 3 0
90 13 4
90 31 4
90 33 0
90 42 1
90 48 1
90 49 2
90 52 1
90 55 0
90 86 4
90 87 1
91 9 4
91 16 3
91 24 3
91 39 0
91 50 3
91 63 4
91 73 2
91 76 2
91 77 3
91 87 3
91 89 1
91 98 2
91 99 4
92 1 4
92 2 4
92 3 1
92 12 1
92 19 1
92 50 1
92 53 4
92 54 1
92 66 0
92 71 1
92 75 1
92 94 0
93 0 3
93 8 0
93 9 0
93 12 2
93 17 0
93 47 1
93 59 0
93 98 2
94 4 3
94 26 4
94 30 0
94 37 4
94 41 2
94 63 2
94 84 0
94 87 3
94 94 4
95 8 0
95 21 0
95 35 1
95 38 2
95 41 4
95 56 0
95 63 0
95 77 1
95 81 2
95 91 2
96 16 3
96 19 0
96 60 2
96 72 2
96 84 1
96 97 1
97 5 0
97 14 3
97 26 0
97 48 1
97 49 4
97 58 1
97 64 1
97 87 1
97 89 4
97 91 0
97 94 1
97 95 2
98 9 4
98 22 4
98 34 2
98 46 3
98 61 0
98 67 0
98 71 4
98 89 4
98 93 3
99 14 3
99 27 2
99 33 0
99 52 0
99 85 0
99 94 1
99 96 2
