100
100
3000 3000 3000 3000 3000 3000 3000 3000 3000 3000 3000 3000 3000 3000 3000 3000 3000 3000 3000 3000 3000 3000 3000 3000 3000 3000 3000 3000 3000 3000 3000 3000 3000 3000 3000 3000 3000 3000 3000 3000 3000 3000 3000 3000 3000 3000 3000 3000 3000 3000 3000 3000 3000 3000 3000 3000 3000 3000 3000 3000 3000 3000 3000 3000 3000 3000 3000 3000 3000 3000 3000 3000 3000 3000 3000 3000 3000 3000 3000 3000 3000 3000 3000 3000 3000 3000 3000 3000 3000 3000 3000 3000 3000 3000 3000 3000 3000 3000 3000 3000
0 8 1
0 9 0
0 14 4
0 16 0
0 21 0
0 32 4
0 36 1
0 49 0
0 50 2
0 76 3
1 22 3
1 52 1
1 53 3
1 75 1
1 83 4
1 96 4
2 6 4
2 9 1
2 12 2
2 30 2
2 38 1
2 63 4
2 68 2
2 77 1
2 84 1
2 95 0
3 0 1
3 2 3
3 5 2
3 6 1
3 11 1
3 24 1
3 32 1
3 36 3
3 48 4
3 65 0
3 67 2
3 73 1
3 83 0
3 97 4
4 2 1
4 24 0
4 37 4
4 38 4
4 39 0
4 62 0
4 73 1
4 98 3
5 4 0
5 10 1
5 19 0
5 29 4
5 41 0
5 48 0
5 73 0
6 3 4
6 6 1
6 11 1
6 20 0
6 25 4
6 33 2
6 38 4
6 39 4
6 52 4
6 62 2
6 84 4
6 92 0
7 5 0
7 17 1
7 23 4
7 29 2
7 38 2
7 46 0
7 55 1
7 56 2
7 58 2
7 61 3
7 63 4
7 67 2
7 74 1
8 16 2
8 19 0
8 49 2
8 50 3
8 63 2
8 85 0
8 98 4
9 9 4
9 17 0
9 56 4
9 58 1
9 66 2
9 71 3
9 78 3
9 92 0
9 94 2
10 17 2
10 26 0
10 30 0
10 33 1
10 50 1
10 68 4
10 86 0
10 89 2
10 90 1
10 96 1
11 3 1
11 34 1
11 41 2
11 47 0
11 70 1
11 74 0
11 80 4
11 90 2
11 92 3
12 6 0
12 12 0
13 4 4
13 15 2
13 33 4
13 37 3
13 46 1
13 49 0
13 79 0
13 82 4
13 85 1
13 93 4
14 4 0
14 19 2
14 32 1
14 51 0
14 54 3
14 87 1
14 94 3
15 1 4
15 4 1
15 25 3
15 53 2
15 57 4
15 68 4
15 83 1
15 90 3
15 98 2
15 99 4
16 7 1
16 8 2
16 17 2
16 18 1
16 20 4
16 21 3
16 24 4
16 28 2
16 32 4
16 37 4
16 47 4
16 53 4
16 57 2
16 68 4
16 69 4
16 79 1
16 87 0
16 88 0
16 91 2
16 92 1
17 24 3
17 39 1
17 42 0
17 60 4
17 64 3
17 83 4
17 88 1
18 14 1
18 45 3
18 59 4
18 67 3
18 82 3
18 83 4
18 88 0
19 3 4
19 5 2
19 13 0
19 15 0
19 27 2
19 39 2
19 50 3
19 61 4
19 62 2
19 82 0
19 93 0
20 11 0
20 22 4
20 26 0
20 52 2
20 53 1
20 82 1
20 85 1
21 2 1
21 55 3
21 71 3
21 75 1
21 78 4
21 93 1
22 1 0
22 10 0
22 16 3
22 23 1
22 41 0
22 44 2
22 47 3
22 48 4
22 55 1
22 56 2
22 66 1
22 71 2
22 76 4
22 78 4
22 91 1
23 37 0
23 40 0
23 43 3
23 46 4
23 51 0
23 52 0
23 57 1
23 62 1
23 69 3
23 70 4
23 72 3
23 92 4
23 99 3
24 1 1
24 3 0
24 9 4
24 27 3
24 29 0
24 41 1
24 46 3
24 74 2
24 85 2
24 88 0
24 97 2
25 0 1
25 2 3
25 7 3
25 10 2
25 20 1
25 55 2
25 72 3
25 77 4
25 94 1
26 7 3
26 15 0
26 27 3
26 39 2
26 44 0
26 45 0
26 47 3
26 54 2
26 78 1
26 84 4
27 0 1
27 3 3
27 31 1
27 48 3
27 52 3
27 64 2
27 65 3
27 68 0
27 70 0
27 81 0
27 82 4
28 13 0
28 15 4
28 32 1
28 33 3
28 35 3
28 36 3
28 40 1
28 46 3
28 73 4
29 22 4
29 25 2
29 26 4
29 30 2
29 34 2
29 43 1
29 44 4
29 64 4
29 84 1
30 8 2
30 16 2
30 23 1
30 40 3
30 45 4
30 52 1
30 63 3
30 79 2
30 92 2
30 93 1
30 94 2
30 95 2
31 2 1
31 4 1
31 10 4
31 26 2
31 27 0
31 28 4
31 31 0
31 35 4
31 52 1
31 56 3
31 59 4
32 18 0
32 28 2
32 34 1
32 42 1
32 55 0
32 68 3
32 70 4
32 77 1
32 97 0
33 0 0
33 5 2
33 16 2
33 50 4
33 52 0
33 62 4
33 63 1
33 64 4
33 79 0
33 80 4
33 83 0
33 91 4
34 10 1
34 19 1
34 41 1
34 51 2
34 64 1
34 94 3
35 3 4
35 15 2
35 19 1
35 23 3
35 24 0
35 49 3
35 54 1
35 58 0
35 73 1
35 95 2
36 14 1
36 20 3
36 21 0
36 32 4
36 52 3
36 57 4
36 58 1
36 61 3
36 69 4
36 71 4
36 75 4
36 81 2
36 86 0
36 87 2
36 97 4
37 4 3
37 5 0
37 40 0
37 41 4
37 42 0
37 45 4
37 46 0
37 64 4
37 78 4
37 79 1
37 80 4
38 1 2
38 13 4
38 16 0
38 21 2
38 25 3
38 26 0
38 34 1
38 62 1
38 67 1
38 72 4
38 86 4
38 87 0
39 2 3
39 6 1
39 9 0
39 48 2
39 51 0
39 67 4
39 75 1
39 99 2
40 12 4
40 29 2
40 54 3
40 77 4
40 83 0
40 89 4
41 14 2
41 29 1
41 36 4
41 44 2
41 57 3
41 59 1
41 73 0
41 74 4
41 95 2
41 96 2
42 11 1
42 16 4
42 78 1
42 80 2
42 84 0
42 89 4
42 91 0
43 24 0
43 56 4
43 57 2
43 72 0
43 85 3
43 94 3
44 4 4
44 6 3
44 17 4
44 20 4
44 42 2
44 58 1
44 61 3
44 62 2
44 75 1
44 76 4
44 85 2
44 86 2
45 29 1
45 45 0
45 47 4
45 49 2
45 75 3
45 84 4
45 92 3
46 22 4
46 27 1
46 31 3
46 35 2
46 40 4
46 43 0
46 49 1
46 56 0
46 64 2
46 80 3
46 81 3
47 29 1
47 40 0
47 42 3
47 56 2
47 65 4
47 81 2
47 87 3
47 95 0
48 0 1
48 1 3
48 9 4
48 16 4
48 18 1
48 25 0
48 30 1
48 36 1
48 64 2
48 73 4
48 82 4
48 93 2
48 95 4
49 20 1
49 28 3
49 42 3
49 70 2
49 71 3
49 76 1
49 82 1
49 99 3
50 10 3
50 13 1
50 19 4
50 65 0
50 66 0
50 73 3
50 83 1
51 7 2
51 27 3
51 37 2
51 50 0
51 69 4
51 72 1
51 76 4
51 84 0
51 94 4
52 31 2
52 36 3
52 46 3
52 47 4
52 67 0
52 69 3
52 79 4
52 88 1
52 93 0
53 2 2
53 28 3
53 30 3
53 35 0
53 42 1
53 67 1
53 77 4
53 78 1
53 81 2
53 89 4
54 13 1
54 18 1
54 61 2
54 98 4
55 7 4
55 12 3
55 13 1
55 41 1
55 43 3
55 48 2
55 60 4
55 66 2
55 68 2
55 84 1
55 99 0
56 0 3
56 18 4
56 20 4
56 34 0
56 47 1
56 89 0
56 91 1
57 9 1
57 17 1
57 18 2
57 21 1
57 59 0
57 63 1
57 66 0
57 68 4
57 69 0
57 73 3
57 75 1
57 87 3
57 90 2
57 99 4
58 1 0
58 7 0
58 10 2
58 27 0
58 29 4
58 51 0
58 53 1
58 60 0
58 80 2
58 81 0
58 99 2
59 2 0
59 7 2
59 28 4
59 38 1
59 40 4
59 41 4
59 49 3
59 53 2
59 60 1
59 74 0
59 77 1
59 95 3
59 96 1
60 8 4
60 15 2
60 19 4
60 31 3
60 34 1
60 58 2
60 60 0
60 66 4
60 72 1
60 92 3
61 3 1
61 10 4
61 16 4
61 21 2
61 30 0
61 31 4
61 36 1
61 38 4
61 39 2
61 44 0
61 51 2
61 74 3
61 76 2
61 86 4
61 96 4
62 43 2
62 63 2
62 74 3
62 76 1
62 89 3
63 19 2
63 22 1
63 28 2
63 34 2
63 41 0
63 45 2
63 50 2
63 57 3
63 71 2
63 82 4
64 35 1
64 36 1
64 37 2
64 39 4
64 42 4
64 49 0
64 51 1
64 55 2
64 58 0
64 62 0
64 63 1
64 65 0
64 71 1
64 97 3
65 0 1
65 12 3
65 13 4
65 14 4
65 15 0
65 23 4
65 25 4
65 34 0
65 38 4
65 49 1
65 75 2
65 77 2
65 89 4
66 1 4
66 5 4
66 8 4
66 24 2
66 27 3
66 36 3
66 39 3
66 57 0
66 59 3
66 61 3
66 66 4
66 68 0
66 74 4
66 79 1
66 87 4
67 13 0
67 22 3
67 26 3
67 29 1
67 43 3
67 46 0
67 60 4
67 61 1
67 91 1
67 96 3
68 12 3
68 14 2
68 21 0
68 26 0
68 28 2
68 43 2
68 50 0
68 55 4
68 67 2
68 81 3
68 84 4
68 86 3
68 88 1
69 1 4
69 5 3
69 13 2
69 21 2
69 40 4
69 42 2
69 51 0
69 54 3
69 60 1
69 62 2
69 64 1
69 91 2
70 5 4
70 6 3
70 12 1
70 14 4
70 17 0
70 31 4
70 46 3
70 61 2
70 70 2
70 78 2
70 84 4
70 93 2
70 98 4
71 7 3
71 11 4
71 15 1
71 20 1
71 26 2
71 30 0
71 75 1
71 92 3
71 96 3
71 97 0
72 18 3
72 24 1
72 32 3
72 33 3
72 35 3
72 39 3
72 48 4
72 63 2
72 65 4
72 66 2
72 80 0
72 88 1
72 91 0
72 94 4
73 30 2
73 31 3
73 35 0
73 47 1
73 48 2
73 76 2
73 79 3
73 82 1
73 93 1
73 95 1
73 99 1
74 2 3
74 8 1
74 45 0
74 77 4
74 81 4
74 90 2
75 14 3
75 18 2
75 54 2
75 56 4
75 58 1
75 59 3
75 69 1
75 74 4
75 79 1
75 80 1
75 85 3
75 86 4
75 89 3
75 93 3
76 17 2
76 38 3
76 67 2
76 69 3
76 70 3
76 81 0
76 86 3
76 90 4
77 3 3
77 9 2
77 26 2
77 60 3
77 64 0
77 68 2
77 77 4
77 85 0
77 98 3
78 8 2
78 11 0
78 25 2
78 30 4
78 33 3
78 41 3
78 62 4
78 66 0
78 70 1
78 88 4
78 97 4
79 3 3
79 10 0
79 18 2
79 23 4
79 38 0
79 50 4
79 61 4
79 80 4
79 96 2
79 98 2
80 2 2
80 25 0
80 33 1
80 77 2
80 94 4
81 8 1
81 17 3
81 22 1
81 26 2
81 28 1
81 30 2
81 36 2
81 37 0
81 39 2
81 40 4
81 44 4
81 47 0
81 52 0
81 55 0
81 65 4
81 72 0
81 76 3
81 96 2
82 7 0
82 18 2
82 44 1
82 48 1
82 58 1
82 87 1
82 93 3
83 0 3
83 11 3
83 31 2
83 32 4
83 33 2
83 69 4
83 98 4
84 12 0
84 22 4
84 23 1
84 25 3
84 45 2
84 48 1
84 53 4
84 55 1
84 57 0
84 59 2
84 82 3
84 85 4
84 99 3
85 1 3
85 4 0
85 11 4
85 28 4
85 72 3
85 76 4
85 79 3
86 0 0
86 7 0
86 29 2
86 32 1
86 37 0
86 51 2
86 53 3
86 72 4
86 96 4
86 98 3
87 5 2
87 11 4
87 12 2
87 31 2
87 38 2
87 58 4
87 65 1
87 66 4
87 90 1
87 97 1
88 8 4
88 24 1
88 35 0
88 43 0
88 44 0
88 59 0
88 67 0
88 90 0
89 9 0
89 11 2
89 21 4
89 47 4
89 59 4
89 74 0
89 75 1
89 89 3
89 97 4
90 4 0
90 9 2
90 20 4
90 34 2
90 42 1
90 45 3
90 54 4
90 56 0
90 71 2
90 78 4
90 94 3
90 99 4
91 0 0
91 5 3
91 37 1
91 43 3
91 49 1
91 65 0
92 14 0
92 23 1
92 27 0
92 32 1
92 33 3
92 53 4
92 54 3
92 56 2
92 65 2
92 69 3
92 70 0
92 71 3
93 1 4
93 17 4
93 22 3
93 34 4
93 44 3
93 57 3
93 60 0
93 61 4
93 86 3
93 90 4
94 12 3
94 37 1
94 44 4
94 59 0
94 81 2
94 85 4
94 89 1
94 91 0
94 97 1
95 3 3
95 10 4
95 25 4
95 33 4
95 35 0
95 45 0
95 83 4
95 92 2
95 98 4
96 6 1
96 16 0
96 22 2
96 24 4
96 27 4
96 35 3
96 40 0
96 43 1
96 54 3
96 71 2
96 80 4
96 90 1
96 91 3
96 95 2
97 6 1
97 8 0
97 15 2
97 19 3
97 23 2
97 53 1
97 60 3
97 73 0
97 78 2
97 87 0
97 88 2
98 6 3
98 13 1
98 15 3
98 19 4
98 23 3
98 50 4
98 63 3
98 70 0
98 88 3
99 4 4
99 14 0
99 20 3
99 21 2
99 46 3
99 51 3
99 54 3
99 55 0
99 72 2
99 83 2
99 86 3
99 87 2
99 95 4
