100
100
3000 3000 3000 3000 3000 3000 3000 3000 3000 3000 3000 3000 3000 3000 3000 3000 3000 3000 3000 3000 3000 3000 3000 3000 3000 3000 3000 3000 3000 3000 3000 3000 3000 3000 3000 3000 3000 3000 3000 3000 3000 3000 3000 3000 3000 3000 3000 3000 3000 3000 3000 3000 3000 3000 3000 3000 3000 3000 3000 3000 3000 3000 3000 3000 3000 3000 3000 3000 3000 3000 3000 3000 3000 3000 3000 3000 3000 3000 3000 3000 3000 3000 3000 3000 3000 3000 3000 3000 3000 3000 3000 3000 3000 3000 3000 3000 3000 3000 3000 3000
0 5 0
0 15 2
0 32 4
0 40 4
0 59 1
0 87 2
0 93 3
1 21 2
1 41 0
1 46 1
1 51 3
1 52 1
1 54 2
1 59 2
1 64 1
1 72 2
1 77 1
1 80 2
2 4 1
2 46 4
2 49 0
2 58 3
2 59 3
2 86 4
2 89 3
3 0 1
3 10 2
3 17 1
3 24 1
3 38 1
3 46 3
3 49 2
3 74 0
3 76 1
4 8 2
4 13 3
4 18 2
4 28 4
4 37 3
4 42 0
4 45 0
4 48 4
4 50 4
4 65 3
4 69 1
4 81 4
4 97 3
5 11 0
5 24 0
5 25 1
5 39 1
5 53 0
5 68 4
5 69 4
5 99 1
6 30 4
6 35 4
6 37 4
6 42 4
6 79 4
6 84 1
6 94 2
7 31 2
7 44 2
7 68 3
7 70 4
7 73 3
7 77 2
7 83 1
8 0 2
8 1 2
8 42 2
8 48 0
8 50 2
8 56 1
8 64 0
8 68 0
8 71 3
8 73 4
8 76 0
8 79 4
8 85 3
8 92 0
9 3 1
9 19 0
9 52 3
9 62 4
9 70 0
9 72 2
9 75 0
9 83 4
9 91 0
10 1 2
10 13 3
10 26 2
10 38 3
10 46 3
10 64 3
10 68 2
10 78 2
10 96 4
11 0 1
11 14 1
11 21 2
11 42 3
11 44 3
11 48 2
11 60 0
11 67 0
11 72 4
11 85 0
11 89 4
12 1 0
12 13 3
12 33 0
12 43 4
12 51 0
12 64 2
12 65 1
12 69 1
12 78 3
12 99 3
13 0 3
13 3 0
13 17 4
13 32 2
13 43 3
13 48 3
13 55 0
13 56 0
13 69 1
13 81 1
13 82 4
13 87 1
13 90 0
13 91 3
14 17 3
14 29 3
14 34 1
14 47 2
14 75 1
14 83 0
14 91 4
14 94 1
15 5 3
15 10 1
15 16 2
15 26 1
15 33 2
15 36 3
15 61 2
15 63 4
15 70 2
15 72 2
15 73 0
15 76 4
15 92 0
15 95 3
15 99 1
16 2 3
16 19 4
16 25 4
16 46 2
16 61 3
16 68 1
16 71 3
16 73 1
16 78 4
16 87 3
17 1 4
17 14 0
17 49 1
17 68 3
18 5 2
18 21 3
18 36 3
18 42 2
18 43 4
18 44 2
18 62 1
18 91 4
19 6 3
19 10 0
19 15 1
19 21 3
19 22 0
19 39 2
19 57 2
19 61 1
19 89 3
20 5 3
20 7 1
20 32 4
20 40 1
20 57 1
20 81 2
21 6 2
21 10 1
21 33 2
21 36 1
21 37 0
21 58 0
21 65 4
21 70 1
22 0 4
22 12 3
22 15 2
22 21 3
22 29 0
22 31 4
22 36 1
22 46 1
22 56 1
22 63 2
22 72 4
22 90 2
23 4 1
23 29 0
23 40 3
23 41 1
23 47 1
23 64 1
23 67 0
23 79 0
23 85 3
23 86 3
23 90 2
23 92 2
23 93 3
23 99 1
24 11 3
24 18 1
24 24 4
24 46 1
24 47 2
24 48 2
24 55 0
24 60 2
24 61 4
24 69 3
24 70 3
24 89 4
24 92 3
24 95 1
25 2 2
25 19 1
25 29 4
25 49 3
25 51 1
25 53 2
25 55 4
25 56 2
25 73 0
25 93 0
25 95 0
25 97 0
26 19 4
26 28 4
26 36 1
26 49 1
26 52 0
26 54 0
26 65 3
26 76 0
26 84 1
26 85 2
26 87 4
26 93 4
27 7 2
27 10 0
27 18 0
27 22 2
27 29 1
27 39 3
27 52 1
27 54 2
27 77 4
27 94 2
28 5 0
28 6 1
28 9 2
28 10 1
28 28 1
28 44 2
28 67 1
28 73 3
28 86 4
28 95 4
28 97 2
29 13 3
29 15 3
29 16 0
29 25 0
29 40 4
29 45 4
29 51 3
29 58 4
29 61 0
29 66 3
29 71 1
30 14 0
30 28 1
30 36 4
30 38 0
30 39 1
30 50 3
30 62 2
30 84 4
31 3 4
31 4 2
31 5 2
31 6 2
31 9 4
31 21 2
31 27 1
31 35 1
31 41 4
31 43 4
31 45 3
31 69 2
31 71 0
31 77 4
31 88 1
31 91 4
31 94 3
31 96 3
32 12 4
32 20 3
32 31 0
32 36 4
32 41 1
32 43 2
32 70 1
32 95 1
33 3 1
33 7 3
33 17 4
33 19 4
33 23 3
33 24 3
33 32 4
33 38 1
33 40 4
33 44 2
33 49 1
33 54 0
33 76 0
33 96 0
34 1 4
34 2 4
34 23 4
34 45 0
34 47 4
34 54 3
34 70 3
34 75 1
34 82 1
34 91 3
34 95 3
35 19 4
35 20 2
35 30 4
35 32 4
35 61 0
35 74 2
35 75 0
35 86 0
35 88 0
35 90 4
35 92 4
36 13 0
36 35 4
36 47 1
36 57 0
36 76 2
36 82 2
36 84 3
36 99 1
37 17 2
37 22 1
37 35 2
37 38 1
37 53 1
37 56 2
37 57 3
37 59 1
37 62 2
37 72 1
37 77 2
37 80 2
37 92 4
37 98 1
38 8 2
38 17 0
38 22 0
38 26 4
38 28 2
38 39 3
38 40 0
38 47 0
38 55 3
38 72 4
38 74 0
38 79 3
38 81 3
38 89 2
38 90 1
38 95 1
38 96 3
39 5 0
39 8 1
39 21 1
39 23 3
39 32 1
39 35 3
39 43 1
39 53 4
39 60 3
39 78 4
39 83 1
39 98 1
40 3 3
40 4 3
40 34 1
40 38 4
40 45 4
40 64 0
40 67 4
40 92 3
41 1 3
41 8 3
41 32 2
41 76 3
41 96 3
42 9 2
42 13 3
42 18 3
42 23 3
42 37 0
42 38 4
42 46 4
42 71 0
43 19 0
43 24 3
43 29 4
43 38 0
43 50 4
43 58 1
43 88 4
43 90 3
44 5 4
44 11 1
44 29 2
44 46 2
44 65 0
44 76 4
44 77 3
44 79 1
44 87 1
44 88 3
44 97 2
45 16 1
45 23 2
45 28 2
45 31 3
45 40 4
45 45 1
45 53 4
45 56 0
45 75 1
45 90 4
45 96 0
46 1 4
46 4 4
46 12 2
46 15 3
46 55 2
46 58 0
46 59 2
46 61 4
46 63 4
46 68 3
46 82 3
46 90 2
46 94 0
47 39 4
47 61 3
47 69 1
47 74 2
47 84 2
47 87 3
48 0 2
48 2 4
48 20 1
48 34 2
48 38 2
48 41 3
48 45 3
48 48 2
48 51 1
48 69 0
48 81 3
49 9 3
49 12 0
49 31 3
49 40 2
49 41 2
49 62 0
49 82 1
49 86 4
49 89 0
49 93 0
50 22 4
50 42 0
50 66 3
50 71 2
50 80 1
50 87 0
51 1 3
51 6 3
51 9 2
51 39 0
51 43 4
51 47 3
51 51 4
51 63 1
51 93 3
52 2 1
52 5 2
52 11 2
52 23 2
52 30 2
52 48 1
52 49 2
52 65 3
53 6 1
53 16 2
53 22 3
53 53 2
53 66 3
53 67 2
53 77 1
53 89 0
53 92 0
53 98 1
54 15 1
54 20 2
54 39 1
54 45 2
54 70 0
54 85 3
54 89 0
54 97 4
55 7 2
55 10 1
55 44 0
55 61 1
55 65 0
55 72 3
55 75 1
55 78 2
55 84 1
56 9 4
56 12 4
56 20 2
56 37 4
56 50 0
56 53 2
56 59 1
56 62 1
56 74 4
56 90 1
56 94 0
56 97 1
57 11 3
57 25 0
57 33 3
57 52 4
57 56 4
57 57 3
57 72 1
57 74 4
57 79 1
57 86 0
57 96 1
58 9 2
58 23 4
58 37 2
58 45 2
58 74 0
58 79 1
58 83 3
58 98 4
59 27 1
59 35 3
59 45 4
59 67 4
59 73 0
59 78 0
59 80 4
59 81 3
59 93 4
59 96 0
59 97 0
60 2 4
60 3 1
60 4 1
60 8 0
60 13 4
60 15 4
60 16 0
60 25 3
60 37 0
60 50 0
60 51 0
60 70 4
60 81 0
60 91 2
61 11 4
61 16 0
61 19 1
61 32 3
61 34 1
61 38 1
61 50 2
61 52 0
61 54 4
61 61 1
61 67 2
61 82 0
61 86 3
61 93 3
62 4 2
62 21 2
62 41 1
62 50 3
62 56 1
62 94 2
63 24 1
63 26 1
63 28 0
63 47 3
63 56 1
63 57 4
63 68 1
63 72 0
63 75 0
63 88 1
64 8 3
64 12 3
64 29 2
64 47 2
64 52 0
64 69 1
64 93 0
64 94 2
65 21 2
65 55 4
65 71 3
65 77 4
65 81 2
65 82 2
66 1 1
66 20 4
66 34 3
66 41 4
66 54 3
66 64 2
66 78 0
66 96 4
67 25 3
67 30 3
67 74 0
67 97 3
68 7 0
68 18 4
68 32 2
68 48 1
68 52 0
68 57 1
68 63 3
68 68 1
68 70 0
68 76 2
68 79 0
68 84 0
68 88 3
68 99 3
69 2 3
69 3 3
69 18 2
69 23 2
69 25 0
69 26 2
69 54 4
69 63 0
69 66 4
69 75 1
69 97 1
70 0 0
70 2 4
70 24 4
70 30 1
70 33 1
70 35 3
70 44 2
70 78 1
70 81 3
71 13 1
71 14 0
71 20 2
71 21 0
71 26 1
71 34 1
71 36 3
71 49 3
71 58 3
71 89 2
71 98 3
71 99 4
72 0 3
72 6 2
72 16 0
72 18 3
72 20 0
72 30 1
72 57 1
72 60 0
72 75 1
72 80 3
72 91 0
73 7 0
73 11 3
73 32 2
73 42 3
73 49 4
73 67 2
73 84 0
74 22 3
74 25 3
74 27 1
74 41 1
74 62 3
74 71 0
74 74 1
75 3 3
75 20 4
75 27 2
75 43 3
75 58 4
75 82 2
75 84 4
75 87 2
75 95 3
76 15 1
76 16 4
76 22 3
76 31 1
76 60 0
77 9 3
77 16 3
77 27 2
77 34 3
77 36 1
77 58 3
77 59 3
77 63 2
77 67 0
77 79 0
77 92 2
78 0 1
78 12 1
78 25 4
78 26 2
78 29 0
78 31 2
78 42 4
78 84 0
78 86 3
78 90 3
78 91 1
78 94 0
78 96 4
79 3 4
79 7 3
79 18 1
79 48 1
79 53 0
79 75 0
79 85 0
79 89 4
80 7 1
80 24 3
80 31 2
80 33 3
80 59 0
80 65 2
80 71 0
80 73 2
80 98 2
81 1 4
81 17 0
81 30 1
81 37 2
81 60 4
81 62 0
81 63 0
81 73 1
81 74 4
81 95 1
81 99 3
82 4 0
82 8 3
82 14 0
82 15 2
82 25 2
82 33 4
82 34 1
82 51 4
82 54 1
82 77 4
82 83 2
82 95 4
83 9 0
83 15 4
83 20 4
83 27 2
83 28 1
83 30 1
83 43 3
83 55 1
83 66 1
83 93 0
83 98 2
84 12 2
84 60 4
84 66 3
84 83 1
84 85 4
84 88 4
84 98 3
84 99 0
85 13 1
85 14 0
85 17 4
85 27 3
85 47 0
85 50 4
85 64 0
85 65 3
85 77 2
85 99 4
86 5 2
86 10 0
86 24 2
86 46 4
86 60 1
86 86 0
86 91 3
87 2 3
87 7 4
87 11 4
87 13 4
87 19 2
87 35 4
87 39 4
87 44 4
87 55 1
87 56 1
87 63 0
87 68 3
87 73 2
87 80 3
87 85 0
87 87 2
87 98 1
88 4 0
88 6 0
88 16 2
88 31 2
88 33 4
88 35 0
88 55 1
88 62 1
88 66 0
88 80 3
89 4 1
89 6 3
89 12 1
89 31 3
89 33 1
89 40 2
89 57 0
89 65 1
89 66 2
89 67 4
89 71 1
89 78 2
89 80 0
89 88 3
89 94 3
90 12 0
90 23 3
90 26 1
90 42 4
90 57 3
90 59 3
90 82 3
90 85 3
90 88 0
90 98 3
91 8 3
91 18 1
91 22 4
91 29 1
91 40 0
91 87 1
92 0 1
92 2 4
92 11 4
92 18 2
92 27 0
92 42 0
92 58 0
92 60 2
92 81 4
92 83 3
93 8 1
93 10 2
93 14 2
93 17 1
93 41 4
93 44 3
93 51 2
93 53 3
93 82 2
93 88 1
94 6 3
94 10 0
94 14 3
94 19 2
94 26 3
94 28 1
94 37 4
94 39 2
94 52 4
94 55 4
94 64 0
94 78 1
95 14 0
95 22 1
95 26 0
95 27 3
95 35 2
95 37 1
95 52 0
95 64 3
95 66 0
95 80 4
96 3 4
96 11 0
96 28 3
96 30 4
96 44 2
96 63 1
96 66 0
96 83 1
96 86 3
96 92 4
97 17 3
97 24 2
97 30 3
97 33 4
97 34 3
97 43 1
97 48 1
97 59 4
97 60 0
97 62 0
97 76 4
97 85 2
98 7 2
98 8 4
98 9 4
98 14 1
98 23 2
98 27 3
98 34 1
98 49 4
98 51 4
98 54 0
98 58 0
98 79 1
98 83 0
99 36 2
99 50 0
99 53 1
99 69 0
99 80 2
99 97 2
