100
100
3000 3000 3000 3000 3000 3000 3000 3000 3000 3000 3000 3000 3000 3000 3000 3000 3000 3000 3000 3000 3000 3000 3000 3000 3000 3000 3000 3000 3000 3000 3000 3000 3000 3000 3000 3000 3000 3000 3000 3000 3000 3000 3000 3000 3000 3000 3000 3000 3000 3000 3000 3000 3000 3000 3000 3000 3000 3000 3000 3000 3000 3000 3000 3000 3000 3000 3000 3000 3000 3000 3000 3000 3000 3000 3000 3000 3000 3000 3000 3000 3000 3000 3000 3000 3000 3000 3000 3000 3000 3000 3000 3000 3000 3000 3000 3000 3000 3000 3000 3000
0 5 0
0 6 0
0 9 1
0 10 1
0 21 4
0 53 1
0 62 1
0 69 4
0 75 4
0 79 4
0 85 0
0 89 4
0 92 3
0 94 2
1 4 3
1 5 3
1 31 2
1 55 3
1 58 4
1 66 3
1 67 1
1 71 0
1 75 0
1 88 2
2 6 0
2 13 0
2 14 3
2 39 2
2 48 4
2 84 0
2 89 3
3 11 4
3 14 0
3 42 0
3 51 4
3 52 2
3 76 2
3 88 4
3 96 4
3 99 1
4 16 0
4 18 1
4 36 1
4 46 0
4 83 3
4 88 0
4 92 3
4 97 1
5 19 3
5 27 3
5 41 1
5 46 3
5 54 0
5 64 1
5 70 0
5 74 1
5 79 2
5 80 1
5 86 2
5 91 0
6 1 0
6 8 2
6 10 1
6 25 0
6 39 4
6 54 2
6 93 4
7 0 1
7 10 4
7 18 1
7 23 2
7 32 0
7 36 3
7 40 4
7 53 4
7 58 0
7 79 0
7 83 4
7 93 4
8 4 0
8 11 4
8 30 1
8 54 0
8 56 0
8 58 0
8 65 2
8 72 0
8 76 4
8 85 0
8 97 0
8 98 4
9 8 1
9 18 4
9 22 3
9 23 0
9 24 0
9 38 3
9 43 0
9 45 2
9 50 2
9 59 4
9 66 1
9 68 0
9 71 3
9 78 2
10 18 4
10 22 4
10 24 2
10 68 1
10 69 3
10 71 3
10 85 0
11 8 4
11 18 1
11 20 2
11 44 2
11 45 4
11 48 4
11 49 3
11 62 3
11 68 1
11 95 0
12 0 4
12 1 3
12 12 1
12 13 0
12 31 3
12 36 4
12 45 3
12 72 3
12 77 1
12 91 4
13 0 4
13 15 2
13 16 4
13 20 0
13 39 4
13 60 1
13 73 2
13 85 1
14 1 2
14 2 2
14 14 1
14 31 2
14 36 1
14 52 0
14 55 1
14 78 0
14 80 4
14 89 4
14 92 2
14 96 1
15 29 1
15 35 3
15 41 1
15 42 2
15 73 3
15 74 0
15 83 2
15 90 3
16 8 1
16 9 1
16 10 4
16 19 4
16 20 0
16 32 1
16 37 2
16 44 3
16 56 1
16 65 4
16 73 0
16 86 1
16 97 0
17 0 4
17 3 1
17 33 3
17 35 4
17 39 2
17 51 1
17 61 1
17 64 0
17 66 3
17 77 4
17 80 4
17 84 1
17 94 2
17 96 0
18 4 2
18 10 3
18 12 0
18 20 2
18 32 2
18 36 0
18 47 1
18 72 0
18 93 3
18 97 4
19 9 2
19 31 3
19 32 4
19 59 4
19 61 2
19 84 0
20 5 1
20 13 2
20 19 2
20 28 2
20 73 2
20 78 4
20 86 4
20 89 2
20 91 4
20 95 2
21 4 0
21 19 3
21 33 0
21 34 0
21 37 4
21 39 1
21 48 1
21 67 2
21 70 4
21 89 0
21 91 0
21 94 1
22 1 1
22 2 2
22 21 3
22 33 1
22 36 0
22 46 4
22 54 1
22 56 1
22 97 3
23 2 2
23 9 0
23 19 0
23 57 3
23 62 0
23 80 0
23 94 3
24 1 2
24 9 0
24 28 3
24 40 4
24 43 1
24 47 0
24 48 4
24 49 0
24 59 1
24 82 4
24 95 2
24 97 4
25 10 0
25 35 1
25 37 4
25 48 0
25 63 0
25 74 1
25 75 0
25 77 4
25 83 1
25 96 1
26 16 4
26 25 4
26 29 4
26 33 1
26 35 1
26 41 1
26 51 0
26 54 0
26 57 3
26 62 1
26 71 3
27 24 1
27 27 4
27 46 3
27 47 4
27 49 0
27 53 2
27 56 4
27 74 0
27 76 2
27 87 2
28 4 3
28 11 0
28 35 0
28 41 2
28 47 4
28 92 1
29 11 1
29 12 3
29 14 4
29 15 3
29 22 1
29 49 0
29 53 3
29 64 0
29 67 0
29 92 4
29 99 0
30 4 4
30 9 2
30 10 4
30 11 0
30 15 0
30 22 0
30 39 4
30 42 4
30 45 3
30 55 0
30 56 2
30 78 4
31 16 2
31 21 4
31 23 4
31 33 2
31 46 1
31 54 1
31 63 3
31 68 4
31 70 4
31 77 3
31 82 0
32 3 2
32 12 0
32 13 0
32 33 0
32 38 2
32 41 4
32 42 3
32 60 1
32 61 0
32 76 4
32 95 0
33 4 1
33 18 1
33 21 0
33 24 3
33 35 0
33 57 3
33 59 2
33 77 1
33 85 0
33 91 3
33 98 4
33 99 3
34 1 0
34 12 4
34 26 1
34 30 2
34 35 3
34 36 3
34 38 4
34 44 0
34 47 2
34 62 3
34 71 4
34 74 0
34 81 3
34 87 4
34 99 2
35 27 2
35 72 1
35 83 0
35 96 1
35 97 4
36 0 2
36 3 0
36 7 4
36 16 2
36 28 0
36 29 2
36 38 2
36 40 2
36 48 1
36 51 3
36 88 0
36 93 4
37 2 4
37 17 2
37 18 0
37 24 4
37 32 4
37 41 1
37 45 2
37 63 1
37 76 1
37 81 1
37 99 4
38 3 2
38 7 0
38 9 0
38 13 4
38 19 4
38 28 2
38 32 4
38 37 1
38 59 2
38 67 1
38 69 3
38 88 0
38 90 1
38 94 4
38 95 4
38 99 4
39 2 2
39 5 0
39 13 4
39 17 0
39 19 3
39 27 3
39 66 1
39 72 1
40 7 2
40 11 2
40 15 2
40 30 4
40 34 2
40 39 2
40 50 3
40 55 1
40 60 2
40 70 4
40 82 3
40 86 2
40 90 1
40 95 3
40 97 1
41 7 2
41 18 4
41 31 1
41 36 1
41 37 1
41 57 0
41 60 3
41 61 4
41 67 2
41 76 3
41 85 4
41 86 2
42 6 2
42 20 3
42 50 0
42 56 4
42 59 2
42 63 1
42 67 3
42 87 3
43 11 0
43 16 3
43 20 1
43 23 4
43 26 3
43 33 1
43 34 2
43 38 1
43 67 1
43 75 4
43 82 4
43 96 3
44 6 3
44 43 2
44 50 1
44 52 1
44 64 3
44 69 3
44 70 0
44 84 0
44 91 2
44 92 0
44 98 0
45 15 2
45 40 0
45 53 2
45 65 0
45 73 2
45 80 4
46 3 1
46 6 0
46 10 4
46 25 1
46 35 0
46 50 4
46 52 4
46 64 1
46 69 2
46 83 4
46 84 4
46 93 4
46 94 4
46 95 4
47 10 0
47 12 3
47 16 3
47 17 3
47 18 2
47 25 0
47 26 1
47 46 4
47 49 1
47 51 3
47 60 2
47 62 2
47 66 4
47 68 2
47 79 2
47 80 4
47 83 1
47 96 2
48 5 3
48 8 4
48 13 2
48 23 1
48 24 0
48 26 3
48 39 0
48 53 2
48 55 4
48 59 1
48 77 3
48 83 2
48 84 1
49 14 2
49 20 2
49 48 0
49 51 2
49 58 4
49 75 0
49 85 0
49 92 0
50 19 0
50 30 4
50 31 0
50 34 4
50 45 3
50 55 2
50 57 3
50 61 4
50 73 2
50 81 0
50 87 4
50 90 3
51 19 3
51 38 1
51 44 2
51 60 1
51 62 2
51 65 1
51 90 4
51 91 1
52 0 3
52 21 4
52 47 1
52 51 2
52 52 4
52 82 3
53 15 2
53 24 1
53 26 4
53 27 4
53 30 3
53 38 4
53 43 0
53 50 2
53 53 1
53 63 2
53 65 1
53 66 0
53 82 3
53 83 4
54 2 0
54 7 3
54 34 3
54 38 0
54 52 2
54 58 0
54 70 4
54 71 0
54 74 2
54 79 1
54 86 1
54 90 3
54 93 3
54 97 2
55 2 3
55 3 3
55 7 2
55 12 0
55 15 4
55 17 1
55 34 0
55 49 1
55 50 2
55 54 1
55 59 1
55 60 3
55 69 2
55 79 4
55 88 0
56 17 3
56 21 4
56 27 1
56 39 4
56 49 1
56 54 1
56 55 1
56 57 2
56 69 4
56 82 0
56 99 1
57 17 4
57 25 0
57 40 3
57 84 4
57 85 2
57 86 3
57 95 0
57 98 2
57 99 4
58 22 1
58 24 3
58 28 1
58 29 0
58 59 0
58 65 3
58 73 0
59 17 1
59 26 4
59 28 4
59 40 4
59 43 1
59 49 4
59 50 1
59 51 1
59 53 0
59 58 1
59 74 2
59 75 2
59 79 2
59 81 3
59 94 1
59 98 3
60 14 2
60 22 2
60 34 4
60 48 4
60 67 3
60 80 0
61 2 1
61 7 3
61 8 4
61 17 4
61 21 3
61 44 3
61 47 4
61 99 2
62 5 2
62 21 0
62 27 3
62 45 2
62 65 2
62 69 2
62 77 0
62 81 3
62 89 0
62 90 0
62 91 3
62 92 4
63 1 3
63 8 1
63 16 1
63 21 2
63 43 3
63 54 0
63 76 4
63 80 1
63 96 4
64 3 1
64 6 4
64 9 1
64 32 0
64 45 0
64 46 0
64 50 3
64 71 1
64 77 4
64 81 1
64 86 3
64 94 4
65 1 4
65 30 3
65 33 1
65 40 2
65 72 1
65 74 1
66 4 0
66 8 4
66 12 3
66 14 2
66 26 0
66 33 0
66 39 3
66 42 1
66 53 3
66 57 2
66 60 3
66 70 2
66 77 4
66 92 1
67 3 2
67 6 3
67 12 1
67 16 4
67 30 3
67 31 1
67 40 2
67 42 1
67 59 3
67 63 1
67 93 4
67 97 3
68 15 4
68 23 0
68 25 3
68 27 4
68 41 1
68 69 3
68 74 2
68 78 4
68 79 2
69 0 2
69 25 3
69 27 1
69 31 4
69 44 0
69 51 0
69 66 4
69 84 2
70 5 0
70 23 0
70 43 2
70 57 1
70 86 4
70 93 4
70 94 4
71 5 4
71 35 0
71 44 4
71 54 3
71 65 1
71 68 2
71 70 1
71 72 4
71 83 1
71 85 4
71 87 2
72 8 0
72 11 3
72 14 2
72 40 2
72 68 2
72 80 0
72 95 4
73 5 4
73 12 1
73 17 1
73 24 0
73 25 2
73 37 0
73 42 1
73 46 0
73 48 0
73 69 2
73 79 0
73 98 2
74 0 2
74 8 3
74 13 1
74 30 3
74 36 4
74 37 1
74 46 4
74 56 1
74 63 4
74 89 3
75 28 0
75 71 3
75 79 2
75 98 4
76 0 4
76 2 2
76 34 4
76 61 0
76 75 1
76 78 0
76 98 1
77 3 2
77 6 0
77 20 4
77 43 1
77 55 2
77 56 0
77 65 4
77 75 4
77 87 0
77 88 0
78 4 0
78 5 0
78 6 1
78 43 2
78 47 1
78 58 2
78 63 1
78 64 4
78 66 2
78 82 4
78 88 3
78 90 1
78 93 3
79 0 1
79 2 2
79 9 3
79 20 1
79 22 1
79 35 1
79 60 2
79 63 0
79 74 0
79 75 1
80 9 1
80 11 2
80 26 4
80 30 2
80 51 1
80 52 0
80 62 1
80 68 0
81 33 2
81 37 3
81 47 2
81 63 0
81 78 0
81 88 2
82 1 3
82 28 2
82 52 0
82 55 2
82 67 3
82 70 3
82 75 3
82 82 1
82 87 3
82 89 2
83 13 2
83 14 4
83 28 1
83 29 1
83 32 3
83 56 3
83 64 2
83 73 3
83 90 3
83 91 4
83 93 0
84 20 0
84 22 4
84 26 2
84 29 1
84 42 1
84 44 2
84 45 0
84 66 4
84 84 3
84 89 4
85 7 2
85 10 4
85 13 4
85 18 0
85 21 0
85 23 2
85 27 0
85 31 1
85 37 1
85 41 0
85 61 2
85 65 1
85 68 0
85 87 3
86 22 2
86 25 4
86 28 3
86 34 2
86 36 3
86 41 3
86 49 0
86 52 3
86 57 0
86 64 1
86 81 2
86 88 3
86 98 4
87 29 4
87 55 1
87 57 4
87 62 0
87 78 4
88 14 0
88 22 4
88 26 0
88 32 1
88 41 4
88 44 0
88 84 2
88 87 2
88 89 3
89 29 4
89 38 3
89 42 3
89 46 1
89 47 1
89 48 2
89 62 1
89 66 3
89 81 4
90 32 1
90 68 2
90 70 3
91 15 2
91 29 4
91 40 4
91 53 3
91 58 3
91 64 0
91 71 2
91 73 3
91 76 3
91 78 3
91 92 3
92 11 3
92 15 3
92 16 1
92 23 0
92 61 2
92 67 4
92 72 4
92 77 0
92 80 3
92 81 4
92 99 1
93 6 2
93 7 4
93 19 3
93 24 4
93 30 0
93 43 4
93 50 3
93 61 0
93 72 1
93 98 3
94 7 0
94 31 2
94 58 4
94 64 0
95 23 4
95 29 0
95 34 1
95 49 3
95 52 4
95 61 4
95 76 1
95 82 2
96 38 3
96 44 1
96 73 3
96 81 4
96 95 0
96 96 0
97 1 0
97 3 0
97 17 1
97 58 1
97 71 2
97 72 3
97 85 3
97 94 0
97 96 3
98 4 2
98 25 4
98 42 3
98 60 0
98 76 4
98 90 4
99 37 4
99 45 3
99 56 3
99 78 0
99 86 3
99 87 3
99 91 0
