100
100
3000 3000 3000 3000 3000 3000 3000 3000 3000 3000 3000 3000 3000 3000 3000 3000 3000 3000 3000 3000 3000 3000 3000 3000 3000 3000 3000 3000 3000 3000 3000 3000 3000 3000 3000 3000 3000 3000 3000 3000 3000 3000 3000 3000 3000 3000 3000 3000 3000 3000 3000 3000 3000 3000 3000 3000 3000 3000 3000 3000 3000 3000 3000 3000 3000 3000 3000 3000 3000 3000 3000 3000 3000 3000 3000 3000 3000 3000 3000 3000 3000 3000 3000 3000 3000 3000 3000 3000 3000 3000 3000 3000 3000 3000 3000 3000 3000 3000 3000 3000
0 16 4
0 24 0
0 42 0
0 58 3
0 77 2
0 79 1
0 84 3
0 98 1
1 2 1
1 5 4
1 8 4
1 36 1
1 65 1
1 68 3
1 69 2
1 77 1
1 84 0
1 90 4
2 10 2
2 13 4
2 18 3
2 50 3
2 52 4
2 63 3
2 74 0
2 85 2
3 0 2
3 2 4
3 13 3
3 21 3
3 33 0
3 37 3
3 56 1
3 57 1
3 97 0
4 2 2
4 15 2
4 22 0
4 28 0
4 46 0
4 53 4
4 79 0
4 80 3
4 83 4
4 87 0
5 11 3
5 13 4
5 29 1
5 34 3
5 54 2
5 59 2
5 74 1
5 98 2
6 4 4
6 9 0
6 24 2
6 39 4
6 50 4
6 53 3
6 56 1
6 78 2
6 93 3
7 2 4
7 3 1
7 19 3
7 21 2
7 24 2
7 25 3
7 28 2
7 31 4
7 59 0
7 98 0
8 7 1
8 26 3
8 33 4
8 55 4
8 68 1
8 72 3
8 91 2
8 96 1
9 38 3
9 43 2
9 56 4
9 57 1
9 58 3
9 76 4
9 79 3
9 84 3
9 88 1
9 89 4
9 96 0
10 17 2
10 18 2
10 28 0
10 61 3
10 62 1
10 65 1
10 76 0
10 82 0
10 86 4
10 95 4
11 7 2
11 9 0
11 21 4
11 23 1
11 38 2
11 39 4
11 55 0
11 82 3
12 4 4
12 10 1
12 26 0
12 32 1
12 35 0
12 38 1
12 39 3
12 66 3
12 69 0
12 75 4
12 85 2
12 87 0
12 98 1
12 99 4
13 5 3
13 16 1
13 35 2
13 48 3
13 50 4
13 67 1
13 73 2
13 78 4
13 87 3
13 91 4
14 4 0
14 5 2
14 32 3
14 35 4
14 45 2
14 50 4
14 57 0
14 59 4
14 71 4
14 85 1
15 20 1
15 22 2
15 37 3
15 55 3
15 59 0
15 72 2
15 81 1
15 89 1
16 6 4
16 11 0
16 14 3
16 16 0
16 23 4
16 82 2
17 3 4
17 4 1
17 30 3
17 42 1
17 48 4
17 51 1
17 61 1
17 76 0
17 88 3
17 90 4
17 93 2
18 0 1
18 16 4
18 17 0
18 29 0
18 58 4
18 70 2
18 76 4
18 77 1
18 79 0
18 80 4
18 81 1
18 84 2
18 90 4
18 91 2
18 97 2
19 22 3
19 32 2
19 45 4
19 49 1
19 58 1
19 64 3
19 78 0
19 99 0
20 6 3
20 31 2
20 32 0
20 35 1
20 36 3
20 40 0
20 42 4
20 44 1
20 49 1
20 50 3
20 59 0
20 66 2
20 68 4
20 72 0
20 77 4
20 78 1
20 85 2
21 8 3
21 11 2
21 29 3
21 65 4
21 79 0
21 82 4
21 86 4
21 88 4
21 90 2
21 99 0
22 5 0
22 10 1
22 12 1
22 15 1
22 42 1
22 58 1
22 70 0
22 77 3
22 93 0
22 94 0
23 0 3
23 4 1
23 6 3
23 12 1
23 13 0
23 31 4
23 34 2
23 42 1
23 44 2
23 56 0
23 70 2
23 73 4
23 76 1
23 94 2
24 17 4
24 23 0
24 24 2
24 38 0
24 52 3
24 63 2
24 65 1
24 73 2
24 95 3
25 9 2
25 10 2
25 25 2
25 29 1
25 46 4
25 51 3
25 62 0
25 85 0
25 91 3
25 93 0
26 19 4
26 37 4
26 56 1
26 62 0
26 71 4
26 72 3
26 79 4
26 82 2
26 87 1
27 11 2
27 31 1
27 46 0
27 51 3
27 74 4
27 92 3
28 0 3
28 6 1
28 7 0
28 14 4
28 27 2
28 35 1
28 41 0
28 48 3
28 51 1
28 60 4
28 64 0
28 73 3
28 83 1
28 92 1
28 99 2
29 8 0
29 9 1
29 12 4
29 13 3
29 39 2
29 43 3
29 56 3
29 59 0
29 61 3
29 63 4
29 77 3
29 80 1
29 92 1
29 95 3
29 97 2
29 98 1
30 19 0
30 25 3
30 28 1
30 34 0
30 54 3
30 64 4
30 69 2
30 92 0
30 93 0
30 94 1
31 0 4
31 17 4
31 19 3
31 34 1
31 36 1
31 48 1
31 57 3
31 67 4
31 74 1
31 77 3
31 90 1
32 17 2
32 40 4
32 47 1
32 61 3
32 62 4
32 70 2
33 3 1
33 9 1
33 13 4
33 14 4
33 21 4
33 36 4
33 40 3
33 42 3
33 52 0
33 55 0
33 60 2
33 62 1
33 87 1
34 0 2
34 1 0
34 20 2
34 28 1
34 33 4
34 38 3
34 46 4
34 49 4
34 78 4
34 99 0
35 6 0
35 23 2
35 29 3
35 43 2
35 59 0
35 61 4
35 63 4
35 71 0
35 81 1
35 88 4
36 2 0
36 7 3
36 16 1
36 60 3
36 79 4
36 84 0
36 96 4
37 10 1
37 15 3
37 36 4
37 38 2
37 39 2
37 54 1
37 57 0
37 58 2
37 59 0
37 75 2
37 91 4
37 93 3
38 8 2
38 22 0
38 23 2
38 24 0
38 34 3
38 35 1
38 37 4
38 41 0
38 50 2
38 56 1
38 80 0
38 94 1
39 1 0
39 18 1
39 20 2
39 26 2
39 37 3
39 44 2
39 48 4
39 63 3
39 68 0
39 94 1
39 95 1
40 18 0
40 20 1
40 24 2
40 31 4
40 55 4
40 73 0
40 81 4
40 83 0
41 7 3
41 10 2
41 37 3
41 41 2
41 48 2
41 72 0
42 11 0
42 43 2
42 50 2
42 53 0
42 57 4
42 63 4
42 65 2
42 73 0
42 78 4
42 80 2
42 96 3
43 3 4
43 12 3
43 25 1
43 39 1
43 51 1
43 81 3
43 88 2
43 89 1
44 11 3
44 27 0
44 30 4
44 32 0
44 37 1
44 53 0
44 67 1
44 76 1
44 83 4
44 85 2
44 92 3
44 98 2
45 9 3
45 55 4
45 70 0
46 8 0
46 22 3
46 56 2
46 65 2
46 72 1
46 75 4
46 78 2
46 79 0
46 87 0
46 96 4
47 1 0
47 29 3
47 32 4
47 33 4
47 36 0
47 38 1
47 43 0
47 61 4
47 65 1
47 66 2
47 84 1
47 86 3
48 27 1
48 40 2
48 60 2
48 82 4
48 87 3
49 7 2
49 17 2
49 27 2
49 31 3
49 62 4
49 78 1
49 90 4
49 91 2
49 97 0
49 98 2
50 0 3
50 12 4
50 35 4
50 39 1
50 44 0
50 46 4
50 47 4
51 8 0
51 29 0
51 30 4
51 40 1
51 44 1
51 62 1
51 69 1
51 83 1
51 85 1
51 88 4
52 5 0
52 18 0
52 33 0
52 34 2
52 63 4
52 64 2
52 67 1
52 68 1
52 74 1
52 98 0
53 14 2
53 40 3
53 42 3
53 52 4
53 57 2
53 60 0
53 77 1
53 79 1
53 85 2
53 87 4
54 3 1
54 8 4
54 19 3
54 29 4
54 47 0
54 58 1
54 60 3
54 73 4
54 75 3
54 98 3
55 2 4
55 7 1
55 8 2
55 9 0
55 18 2
55 23 1
55 24 0
55 25 1
55 33 0
55 43 2
55 46 4
55 49 2
55 67 0
55 76 0
55 92 0
56 4 1
56 29 3
56 50 1
56 62 1
56 63 2
56 79 2
56 88 4
56 93 4
56 94 2
57 1 2
57 7 3
57 19 1
57 21 4
57 35 4
57 41 0
57 44 0
57 57 1
57 63 2
57 74 4
57 86 3
57 88 0
57 96 3
58 0 3
58 13 1
58 14 0
58 25 3
58 26 2
58 43 4
58 45 0
58 65 0
58 68 3
58 83 1
59 7 2
59 23 4
59 24 4
59 32 4
59 39 2
59 41 0
59 48 3
59 57 1
59 64 0
59 68 1
59 70 3
59 73 0
59 75 4
59 89 0
60 9 0
60 19 4
60 28 1
60 31 4
60 35 3
60 45 0
60 47 1
60 95 3
61 26 2
61 28 2
61 30 3
61 38 4
61 46 4
61 58 3
61 61 2
61 76 2
61 82 3
61 83 0
61 95 0
62 6 0
62 10 4
62 16 2
62 26 1
62 65 0
62 83 2
62 92 0
62 96 2
63 2 3
63 27 0
63 34 4
63 36 3
63 53 4
63 56 1
63 69 3
63 81 1
63 86 1
63 92 0
64 26 2
64 30 0
64 40 4
64 67 3
64 71 2
64 85 4
64 97 0
65 14 4
65 34 0
65 39 4
65 51 3
65 68 0
65 70 0
65 71 2
65 75 2
65 89 3
65 92 2
65 94 4
66 30 3
66 41 1
66 99 2
67 2 1
67 3 2
67 27 4
67 37 4
67 44 4
67 49 1
67 53 0
67 70 1
67 84 1
67 86 2
67 89 0
68 3 4
68 12 1
68 13 4
68 19 3
68 20 3
68 24 3
68 33 2
68 52 2
68 54 4
68 64 1
68 80 1
69 5 4
69 15 0
69 36 0
69 39 1
69 47 2
69 49 3
69 64 4
69 66 1
69 81 3
70 21 3
70 33 3
70 78 3
70 82 1
70 85 0
71 41 2
71 51 4
71 62 3
71 73 3
71 94 3
71 96 2
72 1 2
72 2 3
72 15 4
72 25 2
72 32 2
72 33 0
72 36 3
72 43 4
72 44 2
72 52 4
72 58 1
72 61 0
72 69 0
72 80 3
72 94 1
73 6 1
73 11 3
73 22 1
73 35 4
73 38 1
73 46 1
73 54 0
73 60 3
73 68 1
73 95 3
74 9 4
74 10 4
74 18 4
74 43 3
74 44 2
74 64 1
74 66 2
74 72 4
74 74 3
74 88 3
75 45 2
75 50 3
75 51 2
75 53 4
75 60 1
75 67 2
75 73 4
75 76 1
75 88 2
75 95 2
76 1 4
76 12 1
76 21 2
76 23 2
76 31 1
76 37 2
76 66 2
77 6 1
77 20 2
77 21 1
77 51 3
77 66 2
77 69 4
77 71 4
77 80 3
77 81 1
78 16 3
78 17 1
78 19 3
78 37 4
78 45 4
78 48 0
78 55 4
78 68 3
78 70 3
78 72 4
78 75 2
78 86 2
78 89 4
78 93 2
78 95 4
78 99 0
79 0 0
79 27 2
79 30 4
79 38 2
79 54 0
79 69 3
79 92 1
80 7 0
80 28 4
80 32 0
80 40 3
80 52 3
80 59 0
80 64 1
80 71 3
81 10 0
81 22 1
81 27 4
81 31 4
81 47 0
81 50 1
81 70 4
81 74 2
81 87 1
82 13 2
82 18 1
82 30 4
82 32 4
82 42 3
82 48 3
82 77 4
83 1 3
83 2 4
83 3 4
83 15 2
83 16 1
83 18 4
83 42 1
83 49 0
83 52 3
83 54 2
83 61 2
83 62 2
83 67 1
83 74 1
83 78 4
83 82 2
83 89 3
83 91 2
83 99 4
84 0 1
84 16 4
84 20 3
84 55 3
84 66 2
84 83 2
84 97 0
85 11 2
85 15 3
85 17 4
85 42 2
85 45 0
85 86 1
85 89 2
85 99 4
86 5 1
86 12 0
86 15 4
86 22 1
86 23 3
86 27 4
86 40 3
86 47 3
86 48 4
86 54 1
86 60 0
86 72 2
86 93 0
87 5 2
87 21 4
87 24 0
87 41 3
87 52 4
87 54 3
87 66 4
87 67 2
87 76 0
87 84 0
87 91 4
88 1 2
88 5 4
88 12 0
88 14 3
88 16 1
88 17 0
88 41 0
88 47 2
88 55 3
88 69 0
88 74 3
88 77 2
88 97 3
88 98 2
89 3 4
89 11 1
89 26 1
89 27 0
89 30 3
89 54 1
89 60 0
89 66 3
89 72 2
89 80 1
89 90 4
89 97 1
90 1 1
90 9 2
90 25 1
90 46 3
90 57 2
90 58 3
90 75 0
90 97 3
91 4 3
91 6 4
91 13 4
91 26 4
91 45 1
91 59 1
91 65 0
91 71 3
91 81 0
91 86 2
92 4 4
92 20 4
92 23 0
92 28 1
92 34 3
92 36 3
92 49 1
92 52 1
92 90 1
92 91 4
93 4 2
93 25 2
93 29 4
93 34 4
93 40 3
93 53 4
93 63 2
93 75 4
93 94 1
94 3 0
94 6 1
94 11 0
94 14 3
94 21 1
94 43 0
94 47 3
94 49 3
94 55 3
94 71 3
94 81 0
94 84 1
94 91 1
95 1 4
95 14 2
95 17 1
95 20 3
95 22 4
95 30 1
95 41 4
95 44 3
95 67 0
95 69 2
95 75 1
95 83 1
96 5 4
96 8 2
96 12 2
96 14 0
96 15 0
96 33 1
96 61 4
96 84 0
96 95 3
96 99 1
97 10 4
97 15 1
97 18 4
97 45 0
97 49 0
97 51 1
97 53 0
97 56 2
97 71 1
97 82 3
97 86 1
97 93 4
97 96 1
97 97 1
98 8 3
98 19 1
98 26 2
98 28 0
98 46 2
98 64 0
98 80 0
98 87 4
98 89 4
98 90 3
98 96 2
99 4 2
99 20 2
99 22 0
99 25 4
99 31 0
99 45 3
99 47 4
99 53 0
99 90 2
