100
100
3000 3000 3000 3000 3000 3000 3000 3000 3000 3000 3000 3000 3000 3000 3000 3000 3000 3000 3000 3000 3000 3000 3000 3000 3000 3000 3000 3000 3000 3000 3000 3000 3000 3000 3000 3000 3000 3000 3000 3000 3000 3000 3000 3000 3000 3000 3000 3000 3000 3000 3000 3000 3000 3000 3000 3000 3000 3000 3000 3000 3000 3000 3000 3000 3000 3000 3000 3000 3000 3000 3000 3000 3000 3000 3000 3000 3000 3000 3000 3000 3000 3000 3000 3000 3000 3000 3000 3000 3000 3000 3000 3000 3000 3000 3000 3000 3000 3000 3000 3000
0 30 0
0 35 3
0 39 2
0 49 4
0 85 3
1 23 1
1 24 0
1 26 1
1 35 1
1 39 3
1 54 2
1 55 4
1 78 2
1 80 0
2 2 2
2 8 4
2 43 1
2 46 1
2 72 3
2 86 4
2 89 2
2 90 4
2 98 1
2 99 0
3 8 2
3 17 1
3 26 3
3 43 2
3 67 1
3 77 2
3 78 0
3 80 4
3 82 4
3 88 2
4 6 4
4 21 0
4 28 1
4 31 4
4 48 0
4 50 0
4 58 3
4 72 3
4 93 4
4 98 3
4 99 1
5 13 1
5 18 4
5 25 0
5 32 4
5 34 0
5 41 0
5 51 4
5 56 2
5 58 0
5 67 4
5 69 0
5 79 3
5 82 4
5 85 2
5 97 4
5 99 0
6 1 0
6 16 1
6 21 1
6 32 4
6 55 4
6 65 3
6 66 3
6 69 3
7 6 0
7 35 3
7 37 1
7 42 0
7 44 0
7 63 1
7 92 2
7 94 0
8 0 0
8 12 1
8 23 1
8 39 2
8 55 0
8 71 2
8 79 2
8 80 0
8 81 3
8 84 1
9 6 1
9 19 3
9 25 3
9 51 3
9 56 3
9 74 2
9 75 3
9 83 0
9 84 2
9 98 4
9 99 3
10 0 3
10 2 4
10 16 3
10 28 1
10 33 1
10 37 2
10 40 0
10 51 4
10 53 0
10 60 2
10 65 3
10 66 2
10 73 0
10 77 2
10 89 0
10 90 0
11 5 2
11 17 3
11 21 2
11 36 2
11 44 2
11 48 3
11 70 0
11 71 0
11 74 2
11 78 0
11 80 2
11 83 2
11 97 3
12 2 3
12 4 3
12 7 4
12 13 4
12 14 2
12 15 0
12 18 0
12 19 4
12 63 2
12 69 4
12 75 0
13 15 2
13 17 2
13 21 2
13 24 1
13 36 4
13 40 4
14 4 1
14 19 3
14 28 0
14 34 0
14 43 3
14 56 0
14 57 3
14 73 2
14 74 2
15 4 0
15 10 3
15 12 0
15 21 1
15 23 3
15 25 1
15 30 3
15 35 3
15 47 3
15 49 2
15 59 0
15 88 3
16 23 0
16 26 2
16 32 2
16 49 1
16 53 1
16 61 0
16 72 3
16 78 2
17 6 1
17 16 4
17 35 3
17 38 0
17 47 1
17 48 4
17 50 3
17 51 2
17 60 2
17 91 0
18 16 3
18 41 4
18 52 4
18 55 4
18 57 2
18 63 3
18 73 0
18 83 3
18 90 4
18 91 1
18 96 2
18 99 1
19 0 2
19 10 0
19 24 0
19 44 4
19 50 4
19 55 2
19 59 2
19 63 1
19 66 1
19 77 3
20 3 2
20 12 2
20 18 4
20 27 1
20 41 4
20 52 2
20 53 2
20 71 4
20 92 0
20 93 2
21 5 4
21 33 1
21 45 2
21 60 2
21 61 0
21 72 2
22 26 2
22 32 0
22 39 0
22 52 3
23 11 1
23 13 4
23 25 4
23 37 3
23 47 0
23 53 4
23 64 4
23 71 4
23 93 4
23 95 3
24 14 4
24 19 1
24 48 3
24 50 4
24 70 2
24 72 4
24 77 4
25 15 2
25 31 4
25 36 3
25 47 2
25 54 0
25 61 3
25 65 2
25 67 0
25 71 1
25 75 2
25 77 2
25 94 4
26 11 4
26 41 3
26 45 3
26 46 4
26 52 2
26 61 4
26 70 0
26 76 0
26 93 2
27 0 0
27 10 1
27 13 0
27 21 0
27 22 4
27 24 1
27 29 4
27 37 3
27 43 0
27 62 4
27 71 1
27 83 4
27 85 4
27 90 1
28 0 0
28 11 1
28 14 4
28 17 0
28 31 0
28 33 0
28 39 3
28 49 4
28 69 4
28 84 0
28 95 3
29 16 2
29 25 3
29 26 4
29 27 0
29 48 0
29 54 2
29 57 1
29 62 0
29 77 4
29 91 4
30 3 1
30 12 2
30 15 1
30 18 1
30 36 1
30 41 4
30 43 1
30 60 1
30 63 1
30 73 2
30 76 1
30 89 1
31 34 3
31 41 0
31 42 1
31 48 3
31 52 3
31 67 0
31 81 3
31 90 0
32 30 2
32 33 4
32 45 1
32 81 3
32 86 4
32 93 1
32 95 4
32 97 3
33 1 0
33 8 3
33 10 2
33 12 1
33 22 0
33 32 4
33 42 0
33 62 0
33 73 2
33 80 2
33 85 1
33 96 2
34 16 0
34 39 3
34 57 2
35 3 2
35 19 0
35 29 4
35 34 0
35 43 4
35 65 4
35 78 0
35 99 1
36 9 4
36 23 1
36 25 4
36 26 4
36 46 1
36 66 3
36 68 3
36 82 2
36 87 4
36 89 0
37 4 3
37 18 2
37 22 4
37 35 1
37 40 3
37 49 0
37 53 3
37 64 4
37 72 0
37 82 0
37 89 4
38 4 3
38 30 3
38 37 0
38 40 4
38 41 4
38 50 0
38 57 4
38 67 4
38 72 4
38 98 1
39 1 2
39 19 4
39 22 0
39 40 0
39 45 3
39 49 4
39 66 0
39 70 0
39 77 0
40 0 0
40 1 2
40 3 4
40 11 0
40 29 4
40 33 2
40 49 0
40 51 1
40 59 4
40 74 0
40 77 0
40 87 0
41 1 2
41 3 3
41 8 1
41 20 3
41 38 0
41 57 3
41 75 0
41 76 4
41 90 3
41 92 2
41 94 1
42 7 4
42 18 1
42 20 4
42 21 3
42 22 2
42 27 3
42 28 0
42 43 3
42 58 0
42 59 0
42 60 0
42 74 2
42 75 0
42 76 2
42 78 2
42 96 3
42 99 2
43 5 1
43 9 0
43 13 0
43 24 4
43 86 2
43 94 4
44 30 3
44 32 1
44 33 2
44 36 3
44 64 0
44 65 0
44 81 1
44 86 3
44 92 3
45 3 0
45 22 2
45 27 4
45 48 0
45 51 1
45 64 3
45 69 4
45 86 4
45 88 1
45 94 1
46 7 3
46 19 3
46 25 0
46 44 0
46 45 2
46 53 1
46 56 4
46 79 1
46 80 4
46 84 2
46 89 2
47 2 1
47 9 2
47 12 3
47 37 4
47 39 2
47 47 0
47 48 0
47 54 1
47 65 4
47 68 3
47 76 1
48 16 0
48 22 3
48 39 0
48 42 0
48 45 1
48 49 3
48 64 4
48 65 4
48 71 2
48 79 2
48 86 2
48 87 2
48 95 4
49 2 0
49 5 1
49 7 2
49 8 1
49 26 0
49 28 1
49 56 3
49 59 0
49 79 0
49 81 2
49 84 1
49 91 0
49 95 4
50 3 1
50 12 0
50 20 1
50 28 2
50 34 0
50 38 1
50 44 3
50 52 4
50 56 0
50 75 3
50 81 3
50 86 3
51 2 2
51 4 4
51 7 3
51 36 2
51 45 4
51 50 2
51 55 2
51 58 0
51 68 0
51 70 2
51 75 2
52 1 3
52 6 0
52 17 0
52 37 3
52 88 2
52 92 2
52 93 2
53 1 3
53 4 1
53 37 1
53 53 0
53 56 0
53 72 2
53 73 1
53 79 4
53 89 1
53 95 2
53 97 3
54 19 3
54 26 2
54 46 2
54 48 4
54 49 1
54 62 4
54 99 0
55 3 3
55 12 0
55 27 4
55 46 4
55 47 2
55 61 4
55 76 3
55 85 3
55 87 0
55 89 4
55 92 1
55 96 1
56 4 2
56 11 4
56 21 3
56 23 2
56 32 4
56 42 0
56 64 4
56 73 1
56 76 1
56 91 2
56 98 4
57 3 1
57 5 3
57 7 3
57 17 2
57 19 1
57 39 2
57 59 4
57 70 3
57 82 4
57 88 0
57 91 1
58 9 4
58 29 0
58 38 0
58 43 4
58 44 4
58 71 2
58 91 2
59 30 3
59 40 3
59 64 1
59 93 2
59 96 0
60 14 4
60 34 4
60 40 1
60 43 4
60 67 3
60 79 2
60 81 0
60 97 4
61 1 2
61 26 4
61 29 1
61 36 2
61 38 1
61 51 2
61 53 1
61 59 0
61 64 4
61 85 2
62 7 2
62 30 4
62 40 3
62 43 1
62 58 0
62 80 0
62 81 0
62 94 1
63 12 4
63 31 3
63 34 2
63 38 0
63 50 0
63 57 1
63 63 2
63 72 0
63 75 3
63 84 0
63 95 0
64 1 3
64 14 4
64 29 2
64 42 0
64 57 1
64 64 4
64 73 1
64 85 4
64 89 0
64 96 0
65 0 4
65 9 4
65 20 2
65 23 0
65 24 1
65 28 3
65 33 4
65 41 3
65 42 3
65 46 1
65 50 4
65 61 1
65 88 0
65 94 0
66 13 2
66 16 3
66 23 1
66 58 2
66 60 0
66 74 0
66 82 2
66 97 4
67 44 2
67 83 1
67 85 3
67 99 4
68 5 1
68 30 0
68 57 3
68 65 3
68 73 0
68 84 4
68 94 3
68 98 1
69 5 2
69 14 0
69 26 4
69 27 4
69 31 4
69 38 2
69 58 3
69 62 0
69 78 3
69 79 2
69 83 2
69 87 4
70 9 1
70 13 0
70 22 1
70 27 3
70 32 2
70 34 3
70 37 4
70 52 2
70 53 2
70 68 3
70 76 4
70 92 3
70 96 1
71 21 2
71 29 1
71 44 1
71 47 2
71 56 1
71 62 3
71 65 3
71 66 2
71 69 4
71 70 3
71 97 1
72 6 3
72 48 4
72 58 3
72 68 1
72 79 4
72 86 1
72 87 1
72 91 3
73 2 0
73 4 1
73 6 2
73 7 1
73 14 1
73 20 4
73 33 4
73 35 4
73 53 1
73 60 0
73 79 3
73 86 1
74 8 1
74 27 3
74 31 4
74 42 4
74 60 4
74 80 3
74 83 1
74 88 4
74 93 3
74 95 2
75 9 0
75 17 4
75 38 3
75 54 0
75 61 1
75 66 4
75 93 3
75 99 1
76 10 2
76 14 1
76 24 1
76 68 2
76 74 0
77 5 3
77 6 1
77 9 2
77 14 2
77 27 4
77 30 4
77 46 4
77 58 0
77 66 1
77 68 3
77 69 0
77 78 0
77 97 0
78 13 4
78 23 2
78 32 1
78 55 2
78 78 1
78 80 4
78 81 4
78 87 1
79 2 3
79 16 4
79 34 4
79 35 4
79 45 4
79 46 1
79 50 1
79 54 1
79 76 2
79 90 4
79 98 0
80 11 0
80 14 0
80 16 1
80 19 3
80 20 3
80 54 2
80 90 4
81 2 0
81 8 2
81 17 4
81 18 4
81 29 1
81 31 0
81 37 0
81 52 0
81 55 4
81 63 1
81 67 1
81 70 2
81 89 1
82 44 0
82 75 0
82 82 1
82 88 1
82 90 0
83 2 2
83 9 4
83 18 2
83 36 3
83 47 0
83 51 3
83 54 0
83 70 4
83 75 0
83 85 2
83 87 3
83 95 3
83 96 2
84 5 4
84 7 1
84 10 1
84 11 0
84 15 3
84 17 2
84 68 3
84 74 0
84 77 4
84 87 0
85 9 4
85 18 0
85 27 2
85 28 3
85 30 2
85 65 4
85 93 2
85 97 1
85 98 1
86 3 1
86 13 1
86 21 2
86 24 3
86 28 4
86 61 2
86 69 1
86 95 2
86 96 3
87 0 3
87 25 2
87 31 4
87 36 4
87 40 2
87 51 3
87 54 2
87 57 1
87 60 4
87 67 1
87 68 4
87 74 2
88 10 2
88 17 4
88 18 1
88 25 3
88 32 0
88 36 3
88 38 2
88 41 2
88 59 1
88 83 0
89 8 2
89 22 2
89 31 1
89 46 3
89 52 4
89 59 1
89 62 1
89 63 4
89 82 3
89 83 2
89 84 0
89 86 4
89 94 0
89 97 3
89 98 2
90 6 2
90 10 2
90 12 0
90 20 1
90 38 2
90 40 0
90 54 0
90 61 1
90 62 3
90 78 3
90 88 1
90 91 4
90 96 1
91 5 4
91 7 2
91 15 2
91 45 4
91 46 3
91 47 2
91 49 3
91 55 0
91 63 1
91 92 1
92 11 4
92 33 3
92 41 2
92 42 2
92 44 1
92 51 3
92 56 2
92 80 3
92 82 4
92 83 3
92 90 1
92 91 2
92 92 2
93 0 3
93 10 2
93 13 4
93 15 1
93 29 0
93 33 2
93 35 0
93 45 0
93 56 4
93 62 0
93 66 2
93 67 4
93 69 0
93 70 0
93 85 1
93 88 2
93 92 3
94 4 3
94 11 2
94 22 3
94 31 3
94 71 4
94 81 4
95 6 3
95 8 3
95 20 4
95 25 3
95 35 1
95 39 1
95 42 4
95 59 3
95 68 0
95 84 3
96 1 3
96 10 4
96 20 3
96 28 3
96 29 2
96 34 4
96 50 3
96 55 2
96 63 2
96 66 4
96 71 4
96 73 3
96 76 3
96 77 4
96 82 2
96 87 0
96 94 2
97 0 4
97 8 3
97 15 2
97 23 2
97 58 1
97 72 2
98 15 1
98 24 2
98 47 3
98 61 0
98 62 4
98 67 2
98 69 4
98 84 3
98 98 2
99 11 1
99 15 2
99 20 4
99 24 1
99 52 0
99 60 0
99 64 3
99 74 0
