100
100
3000 3000 3000 3000 3000 3000 3000 3000 3000 3000 3000 3000 3000 3000 3000 3000 3000 3000 3000 3000 3000 3000 3000 3000 3000 3000 3000 3000 3000 3000 3000 3000 3000 3000 3000 3000 3000 3000 3000 3000 3000 3000 3000 3000 3000 3000 3000 3000 3000 3000 3000 3000 3000 3000 3000 3000 3000 3000 3000 3000 3000 3000 3000 3000 3000 3000 3000 3000 3000 3000 3000 3000 3000 3000 3000 3000 3000 3000 3000 3000 3000 3000 3000 3000 3000 3000 3000 3000 3000 3000 3000 3000 3000 3000 3000 3000 3000 3000 3000 3000
0 3 0
0 11 1
0 29 1
0 31 4
0 37 4
0 45 2
0 70 1
0 84 3
0 88 2
0 90 3
1 16 1
1 28 3
1 46 2
1 48 3
1 83 3
1 91 2
1 92 2
1 97 0
1 98 1
1 99 0
2 3 4
2 15 1
2 23 2
2 38 0
2 45 2
2 47 2
2 52 4
2 58 1
2 77 0
2 78 0
3 2 3
3 5 0
3 7 3
3 15 0
3 17 0
3 33 1
3 36 0
3 39 2
3 46 4
3 61 3
4 18 0
4 21 3
4 39 2
4 51 1
4 53 0
4 55 4
4 60 1
4 63 2
4 65 2
4 76 0
5 3 4
5 19 0
5 36 4
5 44 2
5 68 2
5 76 1
5 77 3
5 87 4
5 91 2
5 94 2
6 0 0
6 9 4
6 30 2
6 35 1
6 40 3
6 43 1
6 46 2
6 50 1
6 53 2
6 59 1
7 23 4
7 25 1
7 29 0
7 31 1
7 47 0
7 54 3
7 56 0
7 59 2
7 61 4
7 64 2
8 0 0
8 5 0
8 13 3
8 14 0
8 18 4
8 22 2
8 41 4
8 50 1
8 78 4
8 81 1
9 1 2
9 6 4
9 32 2
9 37 3
9 40 0
9 50 3
9 63 4
9 65 4
9 79 2
9 81 1
10 5 2
10 7 2
10 24 3
10 32 1
10 42 4
10 62 1
10 63 2
10 69 3
10 70 3
10 81 1
11 5 3
11 17 2
11 18 0
11 25 3
11 29 4
11 46 4
11 50 4
11 52 0
11 57 3
11 91 3
12 6 1
12 21 1
12 25 2
12 34 4
12 49 4
12 51 1
12 66 2
12 74 0
12 76 4
12 85 0
13 2 1
13 11 3
13 50 1
13 57 3
13 65 4
13 70 2
13 75 0
13 84 1
13 87 1
13 92 0
14 19 3
14 32 4
14 36 2
14 46 4
14 58 3
14 70 0
14 71 3
14 79 1
14 91 3
14 92 2
15 11 1
15 20 2
15 45 4
15 51 3
15 58 3
15 73 3
15 80 0
15 81 2
15 89 3
15 94 0
16 0 2
16 7 0
16 8 2
16 18 4
16 42 2
16 46 3
16 54 1
16 63 0
16 67 2
16 81 4
17 11 2
17 13 4
17 16 4
17 32 4
17 45 0
17 49 2
17 74 2
17 78 2
17 81 2
17 85 4
18 6 1
18 16 1
18 34 3
18 51 3
18 85 4
18 91 1
18 92 3
18 93 4
18 94 2
18 95 1
19 16 0
19 26 4
19 30 1
19 35 2
19 72 1
19 82 3
19 88 3
19 95 4
19 97 2
19 99 2
20 26 1
20 34 4
20 39 3
20 43 3
20 53 3
20 56 3
20 57 3
20 67 2
20 69 1
20 72 3
21 31 2
21 48 0
21 56 0
21 58 1
21 61 4
21 67 0
21 71 2
21 73 1
21 77 0
21 78 3
22 3 4
22 9 1
22 16 2
22 19 3
22 22 4
22 26 1
22 28 3
22 30 0
22 41 2
22 55 2
23 31 4
23 43 1
23 48 2
23 61 1
23 79 1
23 84 4
23 92 3
23 93 4
23 96 0
23 98 2
24 4 4
24 23 2
24 34 0
24 40 1
24 41 0
24 67 1
24 68 2
24 79 2
24 83 0
24 88 2
25 6 0
25 13 2
25 14 1
25 37 4
25 56 0
25 65 2
25 69 1
25 78 4
25 82 2
25 83 0
26 1 2
26 20 1
26 23 3
26 30 4
26 34 2
26 40 0
26 48 1
26 71 4
26 72 1
26 74 4
27 1 3
27 13 4
27 15 0
27 43 3
27 46 3
27 47 0
27 90 1
27 91 3
27 94 0
27 96 0
28 3 1
28 5 4
28 7 4
28 18 3
28 19 2
28 20 0
28 22 1
28 26 1
28 27 1
28 28 4
29 0 0
29 11 3
29 22 3
29 42 2
29 53 0
29 62 3
29 63 3
29 66 2
29 74 1
29 81 3
30 9 1
30 10 4
30 12 2
30 35 4
30 52 3
30 65 0
30 74 0
30 79 3
30 80 4
30 87 1
31 8 0
31 13 4
31 28 3
31 36 2
31 50 1
31 72 2
31 75 0
31 83 0
31 86 2
31 88 3
32 11 0
32 15 4
32 20 3
32 32 2
32 43 4
32 62 4
32 69 3
32 82 0
32 84 4
32 87 3
33 0 4
33 10 2
33 30 0
33 35 0
33 45 1
33 59 4
33 73 0
33 88 3
33 91 2
33 95 2
34 1 0
34 8 2
34 21 3
34 46 1
34 56 0
34 64 0
34 73 4
34 87 1
34 90 4
34 91 2
35 2 0
35 5 3
35 41 2
35 52 1
35 53 1
35 59 2
35 60 1
35 65 4
35 68 1
35 70 3
36 8 1
36 12 4
36 29 4
36 51 4
36 64 4
36 80 2
36 83 3
36 87 3
36 96 4
36 97 1
37 2 2
37 4 4
37 24 4
37 67 2
37 82 4
37 89 2
37 94 1
37 97 1
37 98 0
37 99 0
38 5 2
38 21 3
38 24 2
38 35 1
38 58 1
38 63 0
38 64 3
38 76 0
38 81 1
38 82 1
39 17 1
39 29 2
39 33 3
39 38 1
39 41 0
39 44 3
39 56 0
39 61 4
39 69 2
39 72 2
40 0 3
40 4 1
40 13 4
40 15 1
40 19 4
40 23 4
40 33 1
40 39 4
40 85 0
40 99 3
41 21 3
41 29 0
41 51 1
41 55 4
41 63 0
41 92 1
41 93 2
41 96 0
41 98 4
41 99 1
42 0 4
42 2 3
42 9 0
42 15 2
42 48 0
42 49 1
42 62 0
42 79 0
42 81 2
42 85 4
43 1 2
43 34 1
43 51 4
43 52 1
43 53 3
43 60 1
43 65 4
43 66 4
43 75 2
43 78 3
44 26 2
44 43 2
44 82 0
44 89 0
44 94 0
44 95 0
44 96 2
44 97 0
44 98 4
44 99 4
45 12 0
45 17 4
45 33 1
45 47 2
45 55 4
45 60 3
45 64 1
45 76 3
45 77 3
45 80 3
46 1 2
46 10 4
46 14 3
46 33 0
46 38 1
46 48 3
46 52 3
46 73 1
46 79 1
46 80 0
47 6 3
47 8 2
47 12 2
47 21 0
47 25 2
47 27 2
47 28 1
47 36 2
47 47 1
47 64 3
48 10 1
48 11 4
48 21 2
48 23 1
48 24 0
48 48 0
48 49 1
48 57 2
48 66 3
48 75 2
49 18 4
49 33 1
49 37 4
49 38 2
49 49 2
49 51 3
49 53 0
49 72 3
49 74 1
49 87 2
50 30 1
50 38 2
50 39 1
50 52 2
50 57 2
50 80 1
50 85 0
50 86 4
50 87 1
50 89 4
51 17 2
51 25 0
51 27 1
51 49 4
51 83 4
51 86 3
51 88 2
51 97 4
51 98 0
51 99 1
52 3 1
52 10 1
52 16 4
52 25 4
52 30 0
52 33 1
52 42 3
52 58 3
52 63 0
52 68 0
53 0 3
53 4 1
53 8 2
53 9 0
53 10 2
53 13 4
53 20 4
53 59 4
53 63 2
53 64 1
54 8 0
54 14 0
54 22 4
54 38 1
54 39 0
54 40 2
54 42 1
54 48 3
54 52 0
54 71 3
55 4 2
55 37 0
55 57 4
55 62 2
55 65 4
55 73 1
55 79 0
55 84 0
55 93 3
55 94 4
56 4 3
56 14 0
56 18 1
56 49 1
56 55 1
56 62 1
56 64 3
56 65 1
56 68 4
56 88 1
57 9 1
57 21 4
57 28 2
57 29 2
57 31 0
57 34 2
57 36 4
57 40 3
57 44 4
57 45 4
58 10 3
58 14 3
58 18 4
58 26 1
58 36 1
58 38 4
58 53 2
58 57 3
58 60 4
58 86 2
59 19 1
59 20 1
59 43 0
59 54 3
59 74 4
59 86 2
59 90 1
59 93 1
59 94 2
59 96 1
60 12 4
60 17 2
60 24 2
60 30 1
60 44 2
60 77 0
60 79 4
60 83 4
60 84 2
60 87 0
61 3 0
61 7 4
61 11 0
61 15 0
61 68 4
61 75 1
61 87 3
61 91 4
61 94 1
61 95 4
62 0 4
62 5 1
62 14 0
62 23 4
62 47 1
62 53 2
62 55 3
62 57 2
62 64 0
62 68 4
63 40 0
63 58 4
63 66 3
63 76 4
63 80 3
63 88 2
63 94 1
63 95 1
63 96 3
63 98 3
64 6 1
64 24 1
64 31 0
64 38 1
64 49 3
64 58 2
64 66 4
64 71 2
64 76 4
64 79 1
65 13 3
65 17 0
65 28 1
65 41 0
65 58 0
65 69 2
65 70 0
65 74 2
65 80 0
65 86 1
66 6 2
66 21 0
66 34 2
66 42 0
66 54 0
66 66 4
66 68 3
66 72 2
66 73 3
66 82 1
67 2 2
67 10 3
67 17 2
67 19 1
67 22 0
67 30 4
67 33 2
67 35 0
67 46 2
67 47 0
68 4 4
68 6 3
68 9 1
68 41 0
68 44 1
68 52 0
68 54 2
68 93 0
68 96 2
68 97 1
69 12 2
69 22 2
69 31 4
69 45 0
69 50 2
69 54 4
69 66 4
69 67 0
69 78 3
69 84 0
70 12 0
70 27 2
70 29 2
70 43 1
70 44 1
70 67 0
70 78 0
70 86 0
70 89 1
70 90 0
71 1 3
71 8 1
71 17 0
71 27 3
71 73 1
71 74 2
71 77 4
71 81 1
71 86 3
71 90 1
72 5 0
72 25 2
72 27 4
72 40 2
72 47 0
72 51 3
72 56 4
72 61 3
72 69 0
72 80 1
73 18 3
73 23 2
73 37 2
73 44 3
73 54 1
73 60 3
73 64 1
73 76 2
73 77 4
73 88 4
74 1 3
74 9 0
74 14 4
74 36 0
74 57 1
74 71 3
74 78 3
74 82 2
74 89 4
74 90 2
75 2 4
75 3 4
75 6 4
75 12 2
75 25 1
75 26 3
75 29 2
75 34 1
75 55 3
75 62 0
76 7 4
76 15 0
76 24 0
76 27 4
76 60 4
76 93 0
76 95 3
76 97 1
76 98 2
76 99 1
77 15 1
77 29 3
77 31 4
77 34 1
77 35 4
77 39 3
77 44 3
77 45 2
77 56 2
77 59 2
78 4 4
78 5 2
78 24 4
78 32 4
78 50 2
78 60 4
78 62 1
78 82 2
78 89 2
78 95 3
79 9 2
79 16 1
79 19 0
79 20 2
79 27 1
79 32 0
79 37 3
79 39 0
79 44 0
79 59 2
80 22 3
80 25 1
80 35 4
80 37 0
80 53 1
80 61 1
80 71 0
80 80 1
80 84 2
80 92 2
81 14 3
81 20 2
81 26 0
81 28 0
81 31 0
81 38 2
81 49 0
81 66 1
81 72 4
81 75 3
82 2 3
82 4 1
82 7 2
82 10 4
82 20 0
82 23 1
82 36 4
82 47 0
82 58 1
82 72 1
83 3 0
83 12 3
83 33 4
83 42 3
83 69 0
83 75 4
83 83 3
83 89 4
83 95 1
83 97 3
84 0 2
84 7 3
84 16 1
84 31 4
84 45 0
84 71 2
84 77 1
84 85 3
84 92 3
84 93 0
85 7 4
85 13 1
85 23 0
85 24 4
85 32 0
85 45 3
85 59 4
85 61 1
85 70 3
85 73 1
86 15 1
86 16 3
86 25 1
86 54 4
86 59 0
86 65 4
86 71 3
86 76 0
86 78 4
86 84 4
87 19 4
87 27 1
87 40 0
87 43 4
87 47 3
87 48 0
87 51 2
87 54 3
87 86 3
87 92 2
88 1 1
88 4 3
88 6 3
88 13 0
88 24 1
88 44 2
88 55 2
88 67 2
88 69 4
88 71 1
89 8 2
89 26 0
89 42 3
89 43 3
89 55 1
89 56 0
89 67 0
89 88 0
89 90 2
89 93 0
90 2 1
90 11 2
90 18 4
90 28 4
90 32 0
90 33 4
90 46 1
90 55 1
90 63 1
90 70 3
91 19 1
91 22 0
91 26 3
91 30 3
91 37 4
91 40 4
91 52 0
91 60 2
91 77 1
91 89 3
92 17 0
92 35 0
92 36 1
92 41 2
92 42 1
92 50 1
92 62 4
92 70 2
92 74 1
92 75 0
93 3 0
93 14 0
93 48 0
93 57 3
93 61 4
93 62 2
93 68 0
93 73 4
93 82 3
93 85 3
94 28 1
94 41 1
94 50 1
94 66 0
94 67 3
94 68 3
94 72 0
94 83 3
94 86 3
94 91 4
95 2 1
95 8 1
95 9 1
95 12 0
95 16 2
95 22 1
95 41 2
95 42 0
95 49 4
95 54 3
96 1 2
96 21 3
96 59 1
96 70 4
96 75 3
96 76 1
96 85 0
96 96 4
96 98 0
96 99 0
97 27 0
97 32 3
97 35 3
97 37 3
97 39 0
97 60 3
97 69 1
97 90 1
97 92 4
97 93 0
98 11 0
98 20 0
98 38 3
98 56 1
98 85 3
98 95 2
98 96 3
98 97 4
98 98 2
98 99 0
99 7 1
99 10 4
99 39 2
99 61 3
99 75 0
99 77 0
99 83 1
99 84 2
99 89 2
99 90 3
