100
100
3000 3000 3000 3000 3000 3000 3000 3000 3000 3000 3000 3000 3000 3000 3000 3000 3000 3000 3000 3000 3000 3000 3000 3000 3000 3000 3000 3000 3000 3000 3000 3000 3000 3000 3000 3000 3000 3000 3000 3000 3000 3000 3000 3000 3000 3000 3000 3000 3000 3000 3000 3000 3000 3000 3000 3000 3000 3000 3000 3000 3000 3000 3000 3000 3000 3000 3000 3000 3000 3000 3000 3000 3000 3000 3000 3000 3000 3000 3000 3000 3000 3000 3000 3000 3000 3000 3000 3000 3000 3000 3000 3000 3000 3000 3000 3000 3000 3000 3000 3000
0 8 2
0 14 3
0 23 2
0 35 1
0 38 2
0 56 3
0 61 0
0 63 0
0 64 3
0 75 1
1 11 1
1 19 1
1 29 3
1 33 3
1 41 3
1 52 4
1 53 4
1 57 3
1 60 1
1 66 3
2 10 1
2 16 2
2 51 2
2 55 4
2 59 4
2 75 2
2 76 3
2 84 4
2 86 3
2 99 4
3 0 3
3 1 0
3 11 4
3 33 1
3 36 0
3 39 3
3 44 4
3 48 2
3 58 0
3 60 4
4 4 2
4 7 0
4 9 3
4 28 0
4 36 3
4 56 2
4 62 1
4 76 2
4 77 0
4 96 0
5 1 1
5 23 1
5 35 1
5 37 2
5 43 2
5 61 0
5 78 4
5 82 2
5 93 0
5 98 0
6 9 0
6 12 2
6 33 4
6 36 1
6 45 2
6 51 1
6 61 3
6 75 0
6 91 0
6 95 1
7 1 1
7 4 4
7 30 0
7 31 4
7 46 2
7 49 1
7 56 2
7 68 4
7 79 3
7 99 2
8 3 2
8 4 0
8 14 4
8 29 0
8 37 4
8 45 1
8 57 4
8 61 1
8 83 1
8 95 0
9 15 4
9 26 2
9 27 2
9 34 0
9 35 0
9 43 1
9 56 4
9 82 0
9 85 1
9 94 0
10 18 0
10 23 4
10 28 2
10 34 2
10 36 1
10 38 3
10 39 3
10 74 1
10 78 1
10 82 1
11 10 2
11 15 3
11 40 0
11 46 0
11 52 0
11 56 4
11 79 1
11 80 0
11 83 3
11 89 4
12 15 1
12 17 2
12 29 3
12 33 4
12 34 3
12 46 1
12 54 2
12 64 2
12 70 3
12 92 3
13 34 0
13 36 0
13 42 2
13 49 0
13 60 2
13 81 2
13 92 4
13 93 3
13 95 2
13 98 0
14 3 3
14 14 0
14 35 2
14 57 2
14 67 0
14 69 2
14 71 4
14 78 3
14 84 4
14 94 2
15 6 0
15 25 1
15 34 4
15 35 2
15 50 1
15 68 1
15 77 2
15 79 4
15 89 4
15 91 4
16 2 0
16 19 0
16 39 3
16 47 1
16 50 0
16 59 4
16 60 0
16 70 1
16 76 0
16 89 3
17 7 1
17 13 1
17 15 3
17 28 1
17 32 0
17 79 0
17 83 2
17 85 0
17 88 0
17 95 2
18 18 0
18 25 2
18 29 2
18 41 0
18 60 3
18 65 0
18 73 0
18 84 3
18 87 3
18 96 3
19 9 3
19 11 2
19 27 0
19 31 0
19 40 3
19 44 0
19 51 2
19 63 2
19 67 0
19 72 1
20 1 1
20 3 0
20 45 3
20 48 4
20 57 4
20 59 1
20 62 0
20 67 3
20 80 0
20 91 4
21 0 4
21 2 3
21 9 0
21 22 4
21 32 3
21 50 2
21 62 1
21 81 2
21 83 1
21 98 2
22 4 0
22 26 2
22 31 0
22 42 4
22 45 4
22 59 3
22 68 2
22 90 3
22 93 2
22 98 0
23 6 4
23 8 4
23 10 0
23 25 3
23 29 0
23 31 1
23 48 4
23 51 2
23 65 4
23 72 0
24 3 3
24 29 1
24 36 1
24 43 3
24 46 1
24 74 1
24 76 4
24 82 2
24 83 4
24 87 2
25 13 4
25 59 2
25 63 3
25 72 4
25 74 4
25 77 3
25 85 4
25 88 3
25 90 4
25 92 2
26 9 3
26 10 1
26 26 1
26 31 0
26 40 0
26 45 2
26 46 1
26 49 3
26 73 4
26 75 1
27 1 0
27 16 2
27 17 1
27 22 2
27 24 0
27 52 0
27 75 0
27 78 0
27 86 3
27 95 4
28 15 3
28 21 0
28 23 0
28 37 4
28 49 1
28 66 3
28 67 2
28 78 4
28 89 2
28 93 2
29 5 0
29 49 3
29 51 1
29 53 4
29 55 1
29 58 2
29 62 2
29 64 4
29 73 4
29 79 0
30 29 0
30 31 3
30 37 4
30 42 0
30 51 2
30 53 4
30 58 2
30 67 4
30 71 0
30 97 4
31 19 2
31 21 0
31 29 4
31 51 4
31 54 0
31 55 0
31 60 1
31 70 1
31 95 4
31 98 4
32 18 3
32 19 4
32 22 4
32 24 2
32 27 1
32 33 3
32 35 1
32 46 0
32 88 3
32 96 0
33 6 3
33 12 0
33 27 2
33 30 4
33 36 1
33 48 2
33 50 1
33 54 2
33 68 3
33 69 0
34 0 3
34 1 3
34 4 4
34 8 0
34 15 0
34 17 0
34 29 2
34 36 0
34 46 1
34 47 1
35 3 1
35 8 3
35 20 4
35 28 2
35 64 0
35 79 4
35 80 4
35 81 1
35 84 2
35 87 1
36 24 3
36 39 2
36 50 4
36 54 0
36 61 4
36 72 0
36 76 2
36 87 4
36 88 2
36 96 2
37 1 1
37 12 0
37 13 1
37 29 4
37 31 1
37 39 4
37 45 1
37 49 0
37 58 4
37 89 4
38 9 1
38 10 2
38 15 1
38 26 4
38 31 2
38 54 2
38 81 4
38 86 2
38 95 3
38 96 3
39 1 2
39 21 0
39 24 1
39 29 4
39 39 3
39 72 0
39 79 3
39 82 2
39 89 0
39 99 0
40 0 2
40 20 4
40 32 1
40 37 0
40 60 1
40 64 1
40 74 3
40 82 2
40 83 2
40 89 3
41 5 0
41 6 4
41 25 1
41 27 3
41 35 2
41 44 2
41 69 3
41 85 1
41 95 4
41 97 3
42 14 4
42 22 2
42 56 0
42 57 4
42 59 4
42 65 4
42 68 4
42 82 2
42 89 3
42 90 2
43 8 4
43 9 3
43 12 0
43 24 4
43 52 2
43 55 3
43 80 3
43 85 0
43 94 0
43 96 3
44 3 3
44 8 3
44 19 0
44 34 4
44 58 2
44 60 4
44 72 2
44 94 3
44 95 2
44 99 2
45 1 3
45 17 1
45 22 4
45 23 3
45 24 3
45 29 1
45 48 2
45 52 3
45 60 2
45 81 4
46 9 3
46 24 1
46 27 4
46 32 1
46 51 4
46 53 1
46 63 4
46 69 2
46 70 3
46 97 1
47 0 1
47 4 3
47 5 0
47 10 1
47 13 4
47 47 3
47 53 2
47 56 3
47 57 4
47 90 2
48 5 3
48 8 3
48 13 0
48 37 2
48 51 1
48 62 1
48 80 4
48 85 1
48 89 4
48 98 4
49 4 2
49 11 4
49 17 0
49 22 0
49 27 4
49 28 3
49 32 1
49 35 3
49 74 1
49 82 3
50 8 4
50 11 3
50 14 0
50 22 2
50 40 0
50 55 1
50 62 1
50 77 4
50 83 2
50 98 2
51 0 4
51 1 3
51 9 1
51 17 3
51 28 0
51 35 4
51 46 2
51 64 4
51 92 1
51 95 3
52 14 1
52 24 3
52 27 2
52 48 3
52 55 1
52 63 4
52 94 3
52 95 3
52 96 0
52 99 2
53 0 0
53 4 4
53 21 4
53 22 2
53 29 2
53 44 1
53 54 1
53 76 1
53 79 1
53 96 2
54 4 1
54 5 2
54 7 0
54 9 1
54 22 0
54 26 0
54 44 3
54 87 3
54 93 2
54 96 2
55 15 3
55 19 0
55 33 1
55 38 0
55 40 4
55 47 1
55 50 1
55 54 2
55 65 3
55 68 2
56 3 4
56 8 4
56 23 4
56 28 0
56 33 3
56 38 1
56 63 4
56 77 4
56 97 1
56 99 2
57 4 1
57 5 2
57 26 4
57 39 4
57 48 1
57 81 4
57 93 3
57 94 4
57 96 3
57 97 1
58 6 1
58 11 2
58 17 0
58 22 3
58 27 0
58 55 3
58 78 4
58 85 4
58 91 2
58 96 1
59 7 2
59 20 3
59 34 3
59 44 4
59 45 2
59 47 2
59 49 3
59 63 2
59 67 0
59 97 4
60 4 1
60 10 2
60 24 2
60 30 4
60 51 3
60 77 1
60 84 1
60 87 3
60 92 3
60 96 3
61 11 3
61 12 3
61 16 1
61 19 4
61 29 3
61 70 3
61 71 0
61 83 3
61 87 3
61 99 1
62 20 0
62 25 1
62 27 3
62 36 0
62 52 0
62 56 4
62 80 0
62 84 2
62 93 2
62 96 0
63 9 4
63 15 0
63 24 1
63 32 4
63 40 2
63 53 1
63 75 1
63 88 4
63 92 4
63 99 3
64 19 2
64 26 2
64 28 1
64 30 1
64 34 1
64 40 4
64 61 0
64 76 1
64 84 4
64 89 1
65 12 2
65 15 1
65 34 2
65 42 4
65 52 3
65 58 1
65 72 2
65 73 4
65 76 0
65 87 4
66 3 0
66 23 2
66 32 0
66 34 2
66 38 0
66 48 3
66 53 2
66 64 4
66 67 3
66 98 3
67 20 1
67 26 2
67 37 1
67 56 2
67 60 2
67 64 4
67 74 4
67 78 0
67 79 2
67 93 3
68 2 2
68 4 0
68 15 4
68 28 4
68 33 1
68 34 2
68 42 2
68 62 1
68 75 4
68 86 2
69 1 2
69 4 1
69 7 2
69 54 0
69 61 0
69 66 4
69 70 4
69 80 2
69 83 0
69 89 3
70 5 4
70 30 0
70 43 1
70 54 0
70 59 3
70 65 4
70 70 3
70 74 1
70 81 3
70 84 0
71 7 2
71 44 2
71 46 2
71 52 0
71 56 2
71 63 3
71 71 3
71 83 0
71 96 0
71 99 4
72 1 0
72 4 4
72 11 3
72 32 4
72 36 2
72 47 2
72 49 2
72 57 4
72 64 1
72 99 1
73 8 2
73 10 1
73 15 3
73 18 4
73 43 4
73 55 1
73 56 3
73 77 2
73 78 3
73 99 3
74 1 4
74 5 4
74 19 1
74 39 2
74 47 3
74 67 2
74 74 3
74 88 3
74 92 4
74 95 2
75 7 1
75 16 4
75 30 0
75 45 4
75 58 3
75 64 2
75 67 0
75 85 1
75 87 2
75 92 1
76 2 1
76 13 1
76 15 2
76 17 1
76 23 1
76 48 1
76 69 2
76 70 3
76 82 2
76 89 1
77 8 4
77 25 2
77 39 3
77 44 1
77 53 1
77 71 1
77 86 3
77 87 4
77 96 3
77 99 2
78 7 0
78 8 3
78 12 4
78 27 0
78 77 3
78 78 2
78 85 2
78 90 0
78 95 2
78 98 4
79 13 3
79 14 0
79 21 4
79 35 1
79 42 1
79 62 3
79 65 0
79 71 1
79 86 0
79 92 0
80 0 0
80 2 1
80 3 0
80 7 1
80 59 1
80 61 1
80 66 3
80 79 4
80 80 0
80 96 0
81 9 4
81 39 2
81 46 1
81 50 1
81 76 1
81 81 2
81 82 1
81 83 3
81 84 1
81 93 0
82 10 3
82 22 2
82 30 3
82 47 4
82 53 4
82 59 0
82 63 4
82 69 3
82 93 3
82 99 3
83 16 2
83 23 4
83 24 0
83 25 1
83 45 3
83 52 2
83 55 2
83 60 4
83 81 2
83 98 0
84 5 0
84 11 1
84 15 0
84 38 2
84 50 1
84 53 2
84 55 1
84 73 3
84 78 2
84 87 3
85 12 3
85 22 0
85 26 4
85 36 2
85 48 3
85 73 2
85 87 0
85 95 1
85 96 4
85 98 2
86 26 4
86 40 4
86 44 1
86 45 1
86 61 3
86 69 3
86 71 4
86 81 1
86 84 3
86 88 0
87 4 3
87 6 1
87 12 1
87 23 1
87 27 2
87 35 1
87 65 4
87 73 0
87 79 0
87 96 2
88 6 3
88 11 4
88 12 4
88 13 0
88 37 1
88 68 4
88 76 3
88 81 0
88 87 0
88 98 3
89 1 1
89 2 0
89 9 0
89 22 4
89 33 1
89 51 1
89 56 2
89 62 0
89 64 2
89 82 1
90 0 4
90 17 4
90 25 2
90 47 2
90 49 4
90 55 1
90 57 1
90 74 2
90 87 0
90 95 3
91 2 4
91 15 3
91 22 0
91 40 3
91 41 3
91 59 1
91 66 3
91 75 1
91 77 1
91 90 0
92 9 0
92 13 3
92 18 4
92 23 1
92 54 3
92 57 1
92 58 3
92 75 2
92 85 3
92 95 3
93 13 0
93 19 0
93 23 1
93 38 4
93 41 4
93 51 1
93 61 0
93 72 1
93 78 4
93 89 0
94 8 0
94 13 3
94 15 1
94 27 0
94 60 3
94 66 4
94 67 0
94 73 0
94 81 0
94 90 1
95 2 4
95 14 1
95 17 1
95 20 1
95 40 2
95 67 3
95 79 0
95 85 1
95 96 3
95 98 1
96 17 2
96 35 0
96 37 4
96 45 1
96 52 1
96 62 3
96 73 4
96 79 0
96 82 4
96 86 4
97 0 3
97 8 2
97 20 3
97 28 3
97 37 0
97 45 4
97 49 4
97 96 2
97 97 3
97 99 4
98 1 2
98 20 1
98 56 2
98 60 0
98 66 2
98 73 4
98 78 0
98 85 0
98 87 3
98 97 4
99 0 3
99 4 2
99 8 3
99 20 0
99 31 3
99 34 4
99 50 3
99 54 0
99 82 0
99 98 2
