100
100
3000 3000 3000 3000 3000 3000 3000 3000 3000 3000 3000 3000 3000 3000 3000 3000 3000 3000 3000 3000 3000 3000 3000 3000 3000 3000 3000 3000 3000 3000 3000 3000 3000 3000 3000 3000 3000 3000 3000 3000 3000 3000 3000 3000 3000 3000 3000 3000 3000 3000 3000 3000 3000 3000 3000 3000 3000 3000 3000 3000 3000 3000 3000 3000 3000 3000 3000 3000 3000 3000 3000 3000 3000 3000 3000 3000 3000 3000 3000 3000 3000 3000 3000 3000 3000 3000 3000 3000 3000 3000 3000 3000 3000 3000 3000 3000 3000 3000 3000 3000
0 1 4
0 15 1
0 18 1
0 28 3
0 29 3
0 36 3
0 37 3
0 42 1
0 60 2
0 62 0
1 1 0
1 8 1
1 16 4
1 21 3
1 32 4
1 35 2
1 41 1
1 48 1
1 51 2
1 57 1
2 11 3
2 32 4
2 43 3
2 45 0
2 49 4
2 83 4
2 85 2
2 93 3
2 96 4
2 97 4
3 9 0
3 16 3
3 39 2
3 51 4
3 52 0
3 69 4
3 70 2
3 73 3
3 76 1
3 79 1
4 4 1
4 7 2
4 27 4
4 62 3
4 71 3
4 76 0
4 79 2
4 80 4
4 83 1
4 99 4
5 3 1
5 11 3
5 19 3
5 28 3
5 52 3
5 62 0
5 64 0
5 70 3
5 73 1
5 83 3
6 6 1
6 10 0
6 37 3
6 69 2
6 72 4
6 79 3
6 80 2
6 82 3
6 89 2
6 95 0
7 2 4
7 10 4
7 13 1
7 16 1
7 39 0
7 41 0
7 51 0
7 60 2
7 71 2
7 85 1
8 12 3
8 13 4
8 17 2
8 23 1
8 56 0
8 60 2
8 63 1
8 65 4
8 75 4
8 95 4
9 17 4
9 22 2
9 30 4
9 34 1
9 35 1
9 42 2
9 45 2
9 53 1
9 79 3
9 83 0
10 13 3
10 15 0
10 16 3
10 31 2
10 32 2
10 50 3
10 72 3
10 74 2
10 83 2
10 98 0
11 4 1
11 16 2
11 22 4
11 55 4
11 62 3
11 69 0
11 73 1
11 74 2
11 80 0
11 87 3
12 9 0
12 10 1
12 17 3
12 19 3
12 20 0
12 44 2
12 71 2
12 78 3
12 85 0
12 93 3
13 12 0
13 16 0
13 34 4
13 45 4
13 48 2
13 50 2
13 72 2
13 74 3
13 88 1
13 94 0
14 2 4
14 5 0
14 8 3
14 28 4
14 49 0
14 50 4
14 56 4
14 57 2
14 63 4
14 66 0
15 6 2
15 7 0
15 17 3
15 22 3
15 33 3
15 44 2
15 46 0
15 57 0
15 88 1
15 95 3
16 4 4
16 7 2
16 42 0
16 55 3
16 81 4
16 83 0
16 87 0
16 88 3
16 89 0
16 92 0
17 4 4
17 6 3
17 11 4
17 30 2
17 53 2
17 61 3
17 66 2
17 78 2
17 92 4
17 96 3
18 1 4
18 16 1
18 30 1
18 43 2
18 58 1
18 61 4
18 79 0
18 85 3
18 90 4
18 91 3
19 3 1
19 14 0
19 16 0
19 22 3
19 23 4
19 55 3
19 68 1
19 83 2
19 95 3
19 97 1
20 1 2
20 8 0
20 15 2
20 24 0
20 32 0
20 63 0
20 66 1
20 71 4
20 76 2
20 99 0
21 6 2
21 27 3
21 31 0
21 63 4
21 66 1
21 67 1
21 69 2
21 83 4
21 87 0
21 91 3
22 9 4
22 13 4
22 14 2
22 24 3
22 33 3
22 40 4
22 52 0
22 58 3
22 84 1
22 90 0
23 10 0
23 13 1
23 16 4
23 21 3
23 30 1
23 60 3
23 68 2
23 69 0
23 80 1
23 93 3
24 0 0
24 1 2
24 19 0
24 22 1
24 41 4
24 50 2
24 67 1
24 83 2
24 86 1
24 94 1
25 1 1
25 4 0
25 5 2
25 8 3
25 36 2
25 54 1
25 64 2
25 72 2
25 91 0
25 98 3
26 37 2
26 44 0
26 47 4
26 52 3
26 66 4
26 67 2
26 76 2
26 84 0
26 90 4
26 95 2
27 18 1
27 26 3
27 27 4
27 34 3
27 37 4
27 46 3
27 53 0
27 63 1
27 85 0
27 97 4
28 19 0
28 25 3
28 41 0
28 54 3
28 61 4
28 62 3
28 64 1
28 72 0
28 78 3
28 92 2
29 1 3
29 4 0
29 16 0
29 25 1
29 26 0
29 30 3
29 35 2
29 57 1
29 69 2
29 94 4
30 13 4
30 17 3
30 19 0
30 33 1
30 36 2
30 49 4
30 73 3
30 85 4
30 94 3
30 96 1
31 0 3
31 18 1
31 33 3
31 36 2
31 41 1
31 54 3
31 61 3
31 86 3
31 89 2
31 91 0
32 6 1
32 7 0
32 9 1
32 12 3
32 19 0
32 52 0
32 53 0
32 74 1
32 85 0
32 86 2
33 1 4
33 3 3
33 4 0
33 14 1
33 28 2
33 54 2
33 63 1
33 89 4
33 91 4
33 94 3
34 0 3
34 9 4
34 12 4
34 45 0
34 49 3
34 52 4
34 60 1
34 72 4
34 76 4
34 85 0
35 34 3
35 44 0
35 50 4
35 53 4
35 58 3
35 62 1
35 69 3
35 71 4
35 84 1
35 90 0
36 5 1
36 40 0
36 46 1
36 58 4
36 61 1
36 64 3
36 72 2
36 77 1
36 93 1
36 96 3
37 15 1
37 30 0
37 31 0
37 33 2
37 36 3
37 80 4
37 82 4
37 84 1
37 91 1
37 93 3
38 3 4
38 4 3
38 10 3
38 20 1
38 57 3
38 66 1
38 75 4
38 85 0
38 88 2
38 93 1
39 5 4
39 7 1
39 18 4
39 32 1
39 43 0
39 68 3
39 77 4
39 96 2
39 97 3
39 99 2
40 11 1
40 12 2
40 24 1
40 45 4
40 48 3
40 52 1
40 53 2
40 80 1
40 81 3
40 83 0
41 5 2
41 7 0
41 19 2
41 20 2
41 22 2
41 31 4
41 55 2
41 86 2
41 90 1
41 99 3
42 0 2
42 36 0
42 44 2
42 47 3
42 49 3
42 51 0
42 68 3
42 72 1
42 78 0
42 94 0
43 4 3
43 8 2
43 10 0
43 21 3
43 29 0
43 65 0
43 75 3
43 83 0
43 92 4
43 99 2
44 3 1
44 4 2
44 16 3
44 29 4
44 37 3
44 40 4
44 49 2
44 67 3
44 82 1
44 88 4
45 1 3
45 18 0
45 19 3
45 31 1
45 34 1
45 43 4
45 62 3
45 69 4
45 78 2
45 92 1
46 6 3
46 17 4
46 25 0
46 29 1
46 51 2
46 55 0
46 60 0
46 61 2
46 76 2
46 86 0
47 5 1
47 30 1
47 31 3
47 40 2
47 52 3
47 65 1
47 84 0
47 88 0
47 93 0
47 99 2
48 0 2
48 36 3
48 49 3
48 58 0
48 59 1
48 63 4
48 77 4
48 91 2
48 96 4
48 98 3
49 12 4
49 22 1
49 31 3
49 36 2
49 40 1
49 56 0
49 81 3
49 84 1
49 86 2
49 90 0
50 5 4
50 12 2
50 20 0
50 46 3
50 47 0
50 71 1
50 74 0
50 83 1
50 93 0
50 98 4
51 1 0
51 5 2
51 22 0
51 37 3
51 39 2
51 41 4
51 64 3
51 71 4
51 77 4
51 83 1
52 18 1
52 27 2
52 33 3
52 45 3
52 53 4
52 58 0
52 65 3
52 77 4
52 90 0
52 92 2
53 4 1
53 9 0
53 14 0
53 18 4
53 20 0
53 51 3
53 63 3
53 72 1
53 78 4
53 97 1
54 11 2
54 20 1
54 50 4
54 51 4
54 56 3
54 61 1
54 65 2
54 70 3
54 83 2
54 93 2
55 3 2
55 6 2
55 7 0
55 10 2
55 13 2
55 31 1
55 75 3
55 78 3
55 83 1
55 94 3
56 7 1
56 13 1
56 15 4
56 25 3
56 28 1
56 33 1
56 41 1
56 54 0
56 57 1
56 76 3
57 6 0
57 17 2
57 23 0
57 31 1
57 46 1
57 51 0
57 55 0
57 58 0
57 78 2
57 87 2
58 6 4
58 9 1
58 22 4
58 26 0
58 30 4
58 48 1
58 64 4
58 67 0
58 79 1
58 95 0
59 3 2
59 8 3
59 11 4
59 33 1
59 65 3
59 71 4
59 72 4
59 83 4
59 91 3
59 92 3
60 8 1
60 20 4
60 38 4
60 59 1
60 64 4
60 83 2
60 85 1
60 88 4
60 93 4
60 94 0
61 3 3
61 4 3
61 27 2
61 56 2
61 57 1
61 59 2
61 65 1
61 74 4
61 79 4
61 95 3
62 7 3
62 17 4
62 34 3
62 45 1
62 47 0
62 52 2
62 54 0
62 61 2
62 86 2
62 88 0
63 1 0
63 11 3
63 20 1
63 33 1
63 45 1
63 63 4
63 75 3
63 81 3
63 82 1
63 85 0
64 2 2
64 14 2
64 18 4
64 26 1
64 32 1
64 57 3
64 69 4
64 71 1
64 75 1
64 80 0
65 7 0
65 15 3
65 18 4
65 19 0
65 22 4
65 54 0
65 59 4
65 82 0
65 91 3
65 93 0
66 0 1
66 7 4
66 9 4
66 22 3
66 26 2
66 35 2
66 38 4
66 39 3
66 60 0
66 93 3
67 6 0
67 10 1
67 19 0
67 34 4
67 36 4
67 65 1
67 66 3
67 77 3
67 82 0
67 86 2
68 4 4
68 25 2
68 28 3
68 31 0
68 45 0
68 56 2
68 66 1
68 77 4
68 82 1
68 89 3
69 9 3
69 20 4
69 29 2
69 34 2
69 42 4
69 44 1
69 52 3
69 68 4
69 91 4
69 92 4
70 11 3
70 16 0
70 28 2
70 30 3
70 42 0
70 58 0
70 65 3
70 82 4
70 84 3
70 98 4
71 1 4
71 6 3
71 11 4
71 21 0
71 33 2
71 39 2
71 62 1
71 69 2
71 82 0
71 93 4
72 5 0
72 12 1
72 22 3
72 26 3
72 31 3
72 32 4
72 37 1
72 48 1
72 53 0
72 68 2
73 2 3
73 9 2
73 22 3
73 23 3
73 42 4
73 44 3
73 54 4
73 83 4
73 88 4
73 90 4
74 4 3
74 5 4
74 15 4
74 16 4
74 21 3
74 47 1
74 69 1
74 88 0
74 90 4
74 96 3
75 14 1
75 19 2
75 41 1
75 42 0
75 46 2
75 47 3
75 73 2
75 77 0
75 90 4
75 97 1
76 1 2
76 9 3
76 33 3
76 41 2
76 47 2
76 56 2
76 57 2
76 72 2
76 87 1
76 99 3
77 3 4
77 8 2
77 25 3
77 30 4
77 42 0
77 52 3
77 64 1
77 67 4
77 72 2
77 96 0
78 15 0
78 28 0
78 38 1
78 41 4
78 43 1
78 52 0
78 54 1
78 93 3
78 96 3
78 97 0
79 2 2
79 9 4
79 19 0
79 31 1
79 32 1
79 52 2
79 61 4
79 64 4
79 65 1
79 74 3
80 7 0
80 8 3
80 18 3
80 20 4
80 34 3
80 36 1
80 56 0
80 58 4
80 70 1
80 90 4
81 6 2
81 8 1
81 11 4
81 16 0
81 18 3
81 36 0
81 42 3
81 74 4
81 95 4
81 99 2
82 10 0
82 12 2
82 15 3
82 27 0
82 67 1
82 78 0
82 81 4
82 91 1
82 95 2
82 99 2
83 1 4
83 13 3
83 31 3
83 33 2
83 35 0
83 43 2
83 44 3
83 54 4
83 64 4
83 73 1
84 1 4
84 35 1
84 53 1
84 56 0
84 60 4
84 75 0
84 78 3
84 81 3
84 91 0
84 98 1
85 7 0
85 11 1
85 15 4
85 21 2
85 42 0
85 51 3
85 61 0
85 68 4
85 81 0
85 97 3
86 8 0
86 17 2
86 18 1
86 40 4
86 41 2
86 61 3
86 67 0
86 76 3
86 89 0
86 96 1
87 15 3
87 20 1
87 28 3
87 44 1
87 70 0
87 87 1
87 92 4
87 93 0
87 97 1
87 99 0
88 9 1
88 28 3
88 30 4
88 34 4
88 38 3
88 57 1
88 81 0
88 93 2
88 94 1
88 95 4
89 0 4
89 5 3
89 7 1
89 37 0
89 38 0
89 43 1
89 46 3
89 80 3
89 89 0
89 99 2
90 3 3
90 12 2
90 16 3
90 42 1
90 48 0
90 49 1
90 59 1
90 65 1
90 80 4
90 99 0
91 2 4
91 6 3
91 11 2
91 13 0
91 27 2
91 29 0
91 36 1
91 56 3
91 59 4
91 84 2
92 5 2
92 7 0
92 9 4
92 45 4
92 60 2
92 63 1
92 85 4
92 91 3
92 92 3
92 97 2
93 0 2
93 26 4
93 32 4
93 61 3
93 71 2
93 73 3
93 74 2
93 80 4
93 83 0
93 98 2
94 10 0
94 11 2
94 17 2
94 23 4
94 28 3
94 32 2
94 48 4
94 50 4
94 63 3
94 79 1
95 12 2
95 13 3
95 18 1
95 26 3
95 38 2
95 43 4
95 76 2
95 82 4
95 85 3
95 93 3
96 2 4
96 10 3
96 26 4
96 34 3
96 63 3
96 64 1
96 75 4
96 80 4
96 82 3
96 99 0
97 17 1
97 25 1
97 30 1
97 45 3
97 60 4
97 71 2
97 77 4
97 91 3
97 95 0
97 96 4
98 30 4
98 34 1
98 35 0
98 37 2
98 45 1
98 47 2
98 72 3
98 75 1
98 88 2
98 90 4
99 5 0
99 24 3
99 33 4
99 54 3
99 65 1
99 70 3
99 82 4
99 90 2
99 92 4
99 99 2
