100
100
3000 3000 3000 3000 3000 3000 3000 3000 3000 3000 3000 3000 3000 3000 3000 3000 3000 3000 3000 3000 3000 3000 3000 3000 3000 3000 3000 3000 3000 3000 3000 3000 3000 3000 3000 3000 3000 3000 3000 3000 3000 3000 3000 3000 3000 3000 3000 3000 3000 3000 3000 3000 3000 3000 3000 3000 3000 3000 3000 3000 3000 3000 3000 3000 3000 3000 3000 3000 3000 3000 3000 3000 3000 3000 3000 3000 3000 3000 3000 3000 3000 3000 3000 3000 3000 3000 3000 3000 3000 3000 3000 3000 3000 3000 3000 3000 3000 3000 3000 3000
0 7 1
0 27 2
0 31 0
0 43 4
0 45 0
0 47 0
0 59 4
0 62 0
0 78 4
0 98 4
1 3 2
1 8 1
1 11 0
1 25 3
1 34 3
1 42 2
1 44 3
1 51 3
1 90 3
1 94 4
2 2 4
2 14 4
2 18 1
2 21 3
2 30 3
2 33 4
2 38 2
2 47 4
2 83 0
2 95 2
3 6 4
3 19 2
3 28 3
3 31 3
3 41 1
3 68 0
3 70 3
3 72 2
3 92 2
3 96 2
4 0 2
4 5 0
4 44 2
4 54 3
4 55 0
4 70 0
4 83 3
4 91 0
4 92 4
4 96 3
5 2 1
5 9 3
5 20 1
5 21 3
5 30 0
5 46 1
5 53 3
5 56 1
5 69 2
5 72 0
6 23 2
6 34 0
6 39 3
6 48 4
6 50 0
6 58 4
6 67 3
6 82 0
6 84 4
6 85 4
7 4 1
7 6 1
7 11 3
7 18 3
7 28 4
7 30 1
7 35 1
7 41 1
7 45 4
7 57 4
8 10 0
8 23 4
8 26 0
8 36 2
8 41 3
8 52 1
8 69 3
8 83 3
8 88 2
8 99 4
9 0 1
9 10 0
9 30 0
9 34 2
9 49 4
9 70 3
9 77 1
9 78 4
9 92 4
9 93 2
10 7 0
10 8 2
10 9 2
10 14 3
10 18 0
10 25 1
10 26 3
10 72 2
10 81 1
10 98 1
11 0 0
11 35 1
11 36 3
11 45 1
11 50 2
11 64 3
11 66 4
11 74 3
11 82 3
11 88 2
12 0 4
12 7 3
12 9 4
12 10 3
12 41 2
12 48 2
12 63 0
12 80 4
12 95 0
12 96 3
13 4 3
13 10 3
13 26 2
13 27 3
13 34 1
13 56 4
13 82 1
13 85 2
13 90 2
13 96 1
14 7 3
14 9 4
14 11 4
14 38 1
14 39 1
14 51 1
14 58 4
14 74 3
14 90 2
14 92 4
15 0 4
15 5 3
15 18 0
15 22 0
15 30 4
15 34 4
15 44 4
15 46 4
15 70 2
15 90 1
16 3 2
16 11 1
16 16 4
16 26 4
16 33 2
16 36 2
16 49 2
16 67 0
16 72 3
16 91 2
17 0 3
17 3 3
17 27 4
17 39 4
17 43 0
17 48 3
17 68 1
17 72 0
17 84 0
17 97 3
18 3 0
18 7 0
18 10 2
18 22 4
18 27 2
18 45 0
18 58 3
18 72 0
18 92 2
18 97 2
19 3 3
19 20 1
19 38 2
19 43 4
19 56 1
19 65 1
19 70 3
19 72 1
19 92 0
19 97 2
20 1 2
20 6 3
20 27 2
20 35 4
20 51 1
20 67 4
20 76 1
20 84 0
20 89 4
20 97 1
21 8 1
21 16 3
21 18 0
21 43 1
21 47 1
21 74 0
21 75 0
21 77 3
21 89 1
21 94 3
22 3 0
22 35 4
22 40 1
22 44 4
22 52 1
22 54 0
22 65 0
22 81 1
22 85 2
22 90 4
23 15 3
23 18 3
23 39 1
23 41 4
23 51 3
23 62 2
23 68 1
23 79 2
23 85 3
23 95 3
24 19 3
24 28 2
24 30 2
24 38 4
24 50 0
24 72 2
24 79 1
24 83 2
24 94 4
24 96 2
25 1 0
25 9 4
25 17 1
25 28 0
25 30 3
25 43 2
25 49 2
25 70 4
25 79 2
25 86 0
26 5 2
26 11 3
26 37 2
26 41 1
26 45 1
26 46 0
26 54 1
26 56 1
26 77 2
26 87 4
27 23 0
27 29 0
27 32 0
27 44 4
27 48 3
27 67 3
27 72 3
27 74 0
27 75 2
27 93 1
28 5 1
28 6 2
28 13 3
28 16 3
28 21 3
28 27 0
28 42 0
28 63 3
28 72 1
28 74 1
29 14 4
29 40 3
29 54 2
29 59 4
29 69 4
29 74 2
29 77 3
29 86 3
29 97 3
29 99 4
30 1 0
30 23 1
30 27 3
30 40 4
30 43 2
30 50 3
30 54 3
30 62 1
30 90 0
30 94 1
31 0 4
31 9 2
31 22 3
31 29 0
31 61 0
31 63 0
31 72 1
31 80 1
31 90 1
31 91 1
32 10 4
32 15 4
32 16 4
32 17 4
32 37 2
32 40 0
32 46 3
32 59 3
32 65 0
32 74 0
33 13 1
33 20 1
33 26 1
33 35 3
33 57 1
33 68 0
33 72 2
33 76 1
33 83 2
33 87 3
34 20 4
34 23 2
34 31 2
34 36 4
34 45 0
34 62 2
34 63 3
34 67 3
34 86 3
34 90 4
35 3 2
35 18 4
35 43 0
35 46 3
35 48 2
35 49 4
35 58 0
35 78 0
35 87 4
35 96 4
36 12 2
36 21 4
36 38 0
36 44 2
36 52 2
36 65 2
36 82 0
36 84 0
36 89 2
36 91 3
37 9 4
37 28 1
37 37 1
37 55 1
37 56 2
37 58 1
37 68 1
37 69 1
37 80 4
37 86 4
38 7 0
38 11 4
38 19 3
38 41 0
38 54 0
38 62 2
38 70 0
38 82 2
38 86 4
38 95 1
39 1 3
39 25 1
39 30 0
39 31 3
39 51 1
39 52 2
39 68 0
39 72 4
39 82 4
39 93 4
40 31 0
40 38 0
40 62 2
40 66 4
40 70 3
40 75 0
40 76 1
40 86 0
40 89 0
40 96 4
41 13 4
41 25 3
41 38 1
41 50 0
41 55 0
41 68 4
41 70 4
41 73 0
41 88 0
41 91 3
42 5 0
42 13 3
42 26 2
42 35 0
42 41 4
42 63 2
42 65 1
42 68 0
42 97 3
42 98 3
43 15 1
43 20 2
43 38 4
43 48 1
43 60 0
43 61 2
43 71 0
43 80 0
43 91 3
43 97 4
44 1 1
44 10 2
44 14 1
44 23 0
44 34 1
44 49 0
44 58 0
44 69 2
44 70 1
44 79 4
45 2 3
45 7 4
45 8 3
45 25 0
45 42 4
45 52 4
45 54 3
45 79 2
45 85 0
45 88 1
46 8 2
46 19 4
46 33 3
46 40 2
46 56 0
46 65 2
46 69 4
46 72 3
46 79 1
46 98 2
47 2 2
47 13 2
47 21 0
47 28 4
47 37 0
47 48 3
47 59 3
47 62 1
47 71 3
47 94 4
48 1 0
48 2 0
48 10 3
48 17 0
48 24 1
48 28 0
48 35 1
48 44 3
48 67 2
48 93 1
49 11 3
49 17 3
49 19 1
49 21 1
49 26 0
49 33 4
49 51 4
49 62 1
49 63 3
49 83 1
50 7 4
50 8 1
50 14 0
50 35 2
50 37 4
50 39 0
50 63 2
50 67 2
50 68 4
50 96 0
51 5 1
51 14 1
51 21 2
51 28 4
51 65 1
51 85 0
51 86 3
51 92 3
51 95 1
51 96 3
52 17 4
52 18 3
52 54 4
52 63 4
52 76 4
52 81 3
52 85 4
52 90 3
52 92 2
52 93 2
53 3 2
53 5 2
53 11 0
53 15 1
53 25 4
53 33 4
53 44 1
53 53 0
53 73 0
53 84 0
54 17 0
54 35 3
54 36 0
54 46 3
54 54 3
54 69 0
54 70 4
54 77 3
54 90 1
54 91 1
55 0 2
55 8 2
55 36 0
55 37 4
55 38 2
55 58 0
55 61 2
55 72 1
55 74 0
55 90 2
56 4 2
56 6 1
56 23 0
56 40 4
56 43 4
56 63 1
56 64 1
56 72 2
56 92 0
56 96 3
57 1 0
57 12 0
57 15 4
57 16 1
57 25 3
57 43 2
57 55 4
57 60 1
57 67 0
57 92 1
58 20 3
58 49 1
58 50 2
58 51 0
58 55 0
58 62 1
58 66 3
58 74 3
58 79 4
58 86 4
59 1 4
59 2 4
59 8 1
59 11 1
59 12 3
59 16 1
59 30 1
59 40 4
59 73 3
59 96 1
60 1 4
60 8 4
60 45 4
60 57 0
60 60 1
60 61 0
60 64 1
60 68 0
60 75 4
60 87 2
61 0 0
61 17 1
61 20 1
61 31 1
61 44 1
61 55 0
61 59 1
61 62 0
61 71 3
61 92 1
62 5 3
62 11 3
62 15 1
62 32 3
62 40 3
62 46 0
62 55 3
62 57 1
62 75 4
62 92 3
63 1 0
63 15 3
63 19 0
63 41 2
63 51 0
63 56 3
63 61 0
63 67 1
63 84 3
63 99 1
64 1 2
64 13 2
64 25 0
64 29 4
64 40 4
64 49 3
64 62 4
64 68 3
64 95 3
64 99 1
65 12 1
65 23 3
65 36 3
65 39 2
65 40 4
65 45 4
65 63 4
65 72 1
65 89 2
65 95 4
66 6 3
66 13 1
66 14 4
66 27 1
66 51 2
66 54 3
66 59 0
66 69 1
66 81 0
66 86 4
67 7 1
67 28 2
67 30 3
67 55 2
67 59 4
67 69 2
67 72 0
67 78 2
67 80 2
67 99 3
68 14 0
68 19 2
68 22 3
68 24 1
68 31 2
68 44 4
68 55 3
68 64 2
68 70 2
68 76 1
69 0 0
69 3 2
69 16 3
69 28 1
69 34 3
69 46 1
69 50 3
69 76 0
69 94 4
69 95 1
70 9 2
70 11 1
70 22 0
70 29 4
70 31 4
70 46 0
70 86 4
70 96 0
70 97 0
70 98 4
71 5 1
71 12 0
71 13 1
71 33 3
71 37 2
71 46 1
71 67 1
71 86 3
71 88 0
71 99 2
72 7 1
72 10 4
72 16 2
72 33 1
72 35 4
72 46 1
72 69 2
72 72 1
72 80 1
72 98 3
73 0 2
73 5 1
73 8 2
73 25 3
73 52 0
73 69 2
73 71 0
73 84 4
73 89 0
73 91 0
74 7 3
74 11 4
74 21 1
74 30 4
74 37 0
74 50 1
74 51 3
74 61 1
74 85 1
74 89 0
75 1 4
75 9 3
75 12 1
75 14 1
75 28 3
75 34 3
75 45 3
75 73 3
75 76 4
75 96 0
76 2 2
76 32 4
76 34 3
76 58 0
76 65 2
76 70 1
76 71 0
76 87 2
76 95 1
76 97 2
77 4 1
77 10 2
77 25 1
77 51 1
77 56 1
77 58 3
77 75 1
77 87 3
77 93 3
77 94 0
78 10 2
78 19 0
78 26 0
78 40 1
78 41 1
78 55 0
78 56 2
78 62 2
78 80 4
78 81 2
79 17 2
79 22 4
79 23 4
79 49 1
79 50 4
79 63 0
79 66 0
79 72 1
79 87 1
79 90 4
80 5 1
80 8 0
80 20 3
80 21 2
80 41 3
80 43 2
80 59 1
80 80 4
80 92 2
80 96 4
81 7 1
81 25 1
81 30 3
81 42 0
81 47 1
81 48 1
81 50 1
81 70 4
81 71 4
81 89 4
82 1 2
82 13 1
82 21 1
82 40 4
82 42 1
82 66 2
82 79 4
82 80 0
82 84 2
82 98 0
83 3 3
83 7 4
83 13 0
83 15 1
83 17 3
83 33 0
83 53 4
83 61 3
83 68 0
83 71 4
84 5 2
84 11 2
84 20 1
84 30 4
84 53 1
84 59 4
84 62 4
84 66 2
84 84 2
84 91 4
85 9 0
85 21 3
85 29 4
85 36 0
85 45 0
85 51 3
85 52 4
85 54 2
85 83 2
85 95 4
86 9 3
86 14 4
86 18 4
86 30 1
86 39 2
86 40 4
86 64 0
86 68 0
86 72 2
86 73 2
87 4 4
87 11 1
87 17 2
87 19 2
87 34 3
87 39 3
87 44 2
87 92 2
87 98 3
87 99 2
88 0 0
88 11 3
88 30 1
88 48 2
88 62 2
88 70 3
88 71 0
88 80 4
88 88 1
88 93 2
89 0 1
89 13 4
89 25 0
89 31 2
89 33 4
89 35 3
89 62 3
89 71 2
89 79 4
89 92 4
90 11 3
90 20 3
90 26 3
90 65 1
90 73 3
90 76 1
90 80 1
90 81 0
90 86 1
90 99 1
91 12 0
91 21 2
91 24 1
91 34 2
91 50 4
91 60 3
91 61 1
91 68 3
91 69 2
91 97 0
92 13 4
92 17 2
92 30 4
92 42 2
92 50 1
92 51 2
92 62 4
92 90 3
92 91 3
92 92 0
93 5 2
93 6 4
93 9 1
93 30 1
93 42 2
93 64 3
93 73 4
93 89 2
93 92 4
93 96 0
94 6 1
94 13 0
94 25 3
94 49 3
94 54 2
94 65 4
94 73 0
94 84 3
94 90 1
94 95 0
95 21 3
95 56 0
95 59 0
95 61 3
95 62 1
95 63 2
95 69 3
95 79 4
95 88 2
95 90 4
96 6 1
96 9 0
96 14 4
96 25 1
96 28 1
96 36 0
96 42 2
96 44 0
96 69 1
96 74 1
97 2 3
97 11 3
97 22 4
97 30 3
97 35 4
97 41 2
97 56 3
97 79 3
97 89 2
97 98 1
98 2 4
98 11 3
98 20 1
98 62 0
98 72 1
98 73 4
98 78 2
98 80 1
98 87 4
98 91 4
99 5 1
99 11 4
99 37 4
99 49 2
99 52 2
99 56 0
99 62 2
99 66 0
99 78 3
99 93 1
