100
100
3000 3000 3000 3000 3000 3000 3000 3000 3000 3000 3000 3000 3000 3000 3000 3000 3000 3000 3000 3000 3000 3000 3000 3000 3000 3000 3000 3000 3000 3000 3000 3000 3000 3000 3000 3000 3000 3000 3000 3000 3000 3000 3000 3000 3000 3000 3000 3000 3000 3000 3000 3000 3000 3000 3000 3000 3000 3000 3000 3000 3000 3000 3000 3000 3000 3000 3000 3000 3000 3000 3000 3000 3000 3000 3000 3000 3000 3000 3000 3000 3000 3000 3000 3000 3000 3000 3000 3000 3000 3000 3000 3000 3000 3000 3000 3000 3000 3000 3000 3000
0 1 2
0 5 3
0 7 4
0 11 2
0 29 4
0 50 3
0 58 4
0 63 2
0 93 4
0 95 1
1 8 3
1 12 1
1 14 4
1 47 3
1 56 1
1 61 1
1 68 2
1 72 0
1 77 2
1 84 2
2 11 4
2 27 3
2 31 0
2 32 4
2 46 1
2 54 1
2 65 4
2 78 3
2 81 4
2 91 1
3 1 4
3 18 0
3 33 4
3 52 2
3 60 1
3 75 4
3 80 1
3 84 4
3 89 2
3 91 4
4 13 4
4 20 4
4 23 0
4 37 3
4 48 2
4 72 1
4 81 2
4 86 3
4 95 2
4 97 0
5 0 2
5 2 4
5 3 1
5 4 2
5 36 2
5 45 0
5 49 2
5 71 4
5 88 4
5 95 4
6 0 2
6 6 2
6 9 2
6 15 3
6 22 3
6 25 4
6 41 1
6 51 2
6 78 3
6 91 4
7 8 4
7 12 0
7 13 3
7 35 4
7 41 0
7 43 4
7 61 3
7 85 4
7 86 0
7 98 4
8 0 3
8 7 4
8 12 2
8 31 4
8 33 1
8 36 4
8 50 2
8 51 2
8 61 2
8 90 2
9 5 4
9 13 0
9 25 2
9 34 3
9 53 1
9 62 4
9 64 4
9 81 3
9 84 1
9 85 4
10 1 4
10 28 1
10 36 2
10 47 0
10 56 2
10 58 4
10 61 3
10 78 3
10 98 1
10 99 2
11 19 3
11 20 2
11 30 0
11 38 4
11 46 0
11 49 3
11 51 1
11 65 3
11 76 0
11 93 2
12 15 1
12 19 2
12 21 0
12 26 1
12 30 2
12 37 1
12 56 3
12 61 3
12 77 4
12 98 2
13 6 3
13 8 3
13 24 1
13 29 3
13 31 4
13 38 1
13 63 0
13 71 4
13 78 1
13 81 0
14 26 1
14 27 4
14 40 3
14 42 3
14 43 4
14 46 3
14 74 1
14 75 1
14 81 3
14 84 0
15 36 2
15 42 1
15 48 2
15 54 0
15 60 4
15 68 3
15 75 1
15 91 2
15 92 2
15 99 2
16 3 2
16 20 0
16 41 0
16 42 1
16 44 0
16 74 2
16 78 1
16 79 2
16 87 2
16 92 2
17 0 1
17 7 2
17 20 4
17 50 1
17 55 2
17 58 1
17 76 1
17 78 1
17 87 3
17 95 2
18 12 0
18 15 0
18 19 4
18 45 0
18 48 1
18 52 2
18 53 1
18 63 1
18 83 0
18 92 1
19 10 3
19 20 1
19 24 4
19 40 2
19 41 0
19 74 2
19 75 1
19 81 4
19 82 0
19 84 2
20 1 0
20 31 4
20 38 4
20 39 4
20 47 1
20 50 2
20 58 1
20 72 0
20 84 0
20 98 4
21 1 3
21 20 4
21 29 4
21 30 0
21 65 4
21 74 4
21 76 2
21 78 0
21 79 4
21 98 0
22 1 2
22 9 4
22 22 3
22 25 1
22 27 2
22 37 0
22 46 4
22 48 1
22 62 4
22 86 4
23 5 4
23 18 2
23 25 0
23 38 1
23 40 3
23 43 4
23 45 1
23 48 3
23 82 4
23 94 0
24 0 2
24 4 4
24 12 4
24 28 0
24 37 4
24 51 0
24 56 3
24 70 0
24 82 1
24 92 1
25 10 1
25 22 0
25 30 3
25 36 4
25 61 2
25 62 3
25 74 2
25 77 3
25 90 1
25 91 2
26 4 1
26 9 3
26 15 3
26 41 3
26 51 3
26 79 1
26 84 4
26 94 2
26 95 3
26 98 0
27 9 0
27 19 0
27 32 3
27 50 0
27 51 1
27 54 1
27 62 3
27 64 3
27 71 4
27 73 1
28 18 2
28 39 4
28 50 0
28 54 2
28 66 3
28 73 1
28 79 4
28 82 0
28 83 1
28 99 2
29 3 1
29 11 1
29 12 3
29 24 4
29 41 0
29 65 4
29 70 0
29 71 3
29 76 0
29 90 3
30 13 2
30 42 1
30 43 2
30 52 4
30 65 3
30 73 2
30 75 2
30 78 2
30 87 4
30 92 3
31 3 1
31 4 0
31 14 3
31 21 4
31 27 3
31 32 4
31 43 0
31 45 1
31 66 2
31 68 3
32 0 2
32 6 1
32 8 1
32 17 0
32 20 1
32 39 0
32 45 1
32 73 0
32 75 0
32 80 1
33 5 2
33 15 2
33 24 4
33 32 0
33 44 2
33 59 3
33 76 4
33 82 3
33 85 4
33 88 3
34 1 4
34 6 3
34 7 1
34 22 2
34 34 3
34 60 3
34 61 0
34 62 2
34 77 2
34 99 4
35 1 3
35 12 4
35 13 4
35 16 0
35 21 2
35 48 4
35 62 4
35 78 4
35 86 2
35 94 3
36 8 3
36 11 2
36 20 3
36 27 1
36 32 4
36 35 3
36 83 3
36 85 4
36 94 2
36 99 2
37 13 1
37 21 4
37 23 3
37 32 0
37 45 0
37 55 4
37 74 0
37 80 2
37 87 2
37 91 4
38 0 0
38 10 1
38 16 3
38 37 0
38 49 2
38 52 2
38 53 3
38 55 2
38 75 3
38 82 0
39 2 0
39 4 0
39 7 1
39 27 3
39 43 3
39 45 1
39 67 4
39 87 0
39 95 2
39 96 1
40 6 2
40 8 0
40 31 4
40 34 4
40 42 3
40 50 2
40 77 1
40 95 2
40 97 2
40 98 4
41 8 4
41 24 1
41 25 3
41 39 3
41 51 1
41 62 3
41 69 3
41 81 1
41 87 4
41 94 4
42 16 3
42 29 4
42 40 1
42 42 4
42 48 2
42 50 1
42 78 1
42 93 3
42 94 3
42 98 4
43 5 1
43 18 4
43 24 2
43 25 3
43 27 4
43 47 0
43 67 3
43 90 1
43 91 1
43 95 0
44 17 3
44 22 3
44 25 4
44 38 3
44 72 1
44 73 2
44 83 3
44 91 2
44 92 3
44 99 3
45 7 1
45 10 0
45 36 4
45 42 4
45 47 3
45 68 4
45 69 3
45 81 4
45 84 0
45 86 0
46 8 2
46 17 4
46 21 1
46 27 1
46 51 2
46 67 4
46 73 1
46 76 0
46 81 4
46 98 1
47 8 2
47 15 1
47 19 1
47 43 4
47 44 1
47 54 2
47 60 3
47 75 1
47 87 3
47 92 2
48 3 4
48 5 0
48 14 1
48 17 3
48 25 0
48 49 2
48 57 2
48 63 4
48 65 1
48 81 3
49 2 2
49 14 1
49 43 3
49 45 3
49 47 3
49 49 0
49 55 2
49 60 3
49 70 1
49 83 3
50 14 0
50 21 0
50 29 4
50 32 3
50 39 3
50 45 4
50 51 4
50 65 2
50 66 3
50 81 3
51 0 0
51 8 1
51 20 3
51 50 3
51 55 2
51 60 1
51 78 3
51 83 0
51 85 4
51 91 1
52 7 1
52 8 3
52 9 1
52 21 2
52 35 1
52 65 1
52 71 3
52 84 1
52 95 0
52 99 0
53 21 0
53 23 3
53 31 4
53 35 1
53 44 1
53 45 1
53 49 0
53 79 3
53 82 4
53 83 3
54 5 0
54 15 4
54 25 1
54 28 1
54 36 4
54 39 4
54 63 4
54 70 1
54 79 0
54 97 0
55 0 3
55 15 2
55 29 0
55 30 0
55 34 0
55 37 0
55 53 2
55 77 2
55 81 1
55 92 3
56 0 2
56 6 3
56 7 0
56 8 2
56 22 3
56 33 2
56 48 0
56 50 0
56 74 4
56 76 4
57 6 4
57 27 2
57 28 3
57 38 0
57 42 4
57 54 0
57 64 4
57 65 2
57 71 2
57 78 3
58 13 1
58 20 4
58 49 2
58 50 2
58 63 3
58 67 1
58 72 0
58 74 4
58 93 1
58 94 3
59 13 3
59 18 3
59 28 3
59 46 0
59 48 2
59 50 0
59 66 2
59 75 3
59 86 2
59 94 1
60 5 1
60 8 3
60 27 0
60 30 1
60 31 3
60 36 2
60 43 0
60 51 3
60 61 2
60 76 1
61 8 2
61 9 3
61 30 1
61 33 1
61 67 4
61 72 0
61 79 2
61 82 4
61 84 2
61 98 3
62 11 4
62 31 0
62 51 3
62 54 4
62 59 3
62 62 3
62 68 0
62 72 3
62 86 2
62 98 4
63 6 1
63 7 1
63 26 3
63 35 3
63 43 0
63 48 4
63 53 2
63 69 4
63 72 1
63 94 2
64 0 1
64 27 3
64 29 4
64 32 4
64 42 3
64 43 4
64 49 3
64 65 4
64 84 4
64 97 0
65 2 1
65 7 4
65 28 0
65 31 4
65 49 3
65 54 2
65 56 0
65 63 4
65 75 0
65 83 2
66 24 1
66 42 1
66 46 3
66 61 4
66 70 0
66 74 2
66 77 1
66 80 2
66 83 1
66 90 3
67 2 0
67 8 0
67 18 2
67 19 0
67 28 3
67 43 2
67 62 3
67 63 2
67 80 3
67 96 4
68 8 0
68 15 2
68 26 4
68 29 1
68 36 2
68 42 3
68 45 1
68 49 2
68 59 3
68 75 0
69 0 0
69 1 1
69 6 2
69 21 0
69 24 4
69 31 4
69 36 0
69 60 2
69 77 2
69 96 2
70 14 3
70 15 4
70 24 2
70 25 3
70 29 3
70 51 1
70 52 3
70 58 2
70 59 3
70 99 2
71 11 3
71 12 3
71 33 4
71 41 1
71 52 1
71 63 4
71 82 0
71 86 1
71 93 0
71 95 1
72 2 2
72 11 3
72 34 1
72 55 0
72 79 1
72 84 4
72 89 4
72 91 2
72 95 0
72 97 0
73 10 0
73 18 3
73 31 0
73 33 4
73 35 0
73 38 0
73 40 4
73 54 0
73 62 4
73 68 0
74 15 4
74 16 4
74 28 0
74 35 3
74 38 0
74 45 3
74 50 3
74 62 2
74 71 2
74 83 0
75 0 1
75 3 4
75 11 2
75 14 3
75 16 0
75 29 0
75 42 1
75 48 0
75 60 2
75 94 0
76 20 3
76 30 4
76 43 1
76 66 0
76 67 1
76 70 4
76 75 3
76 76 2
76 77 4
76 78 0
77 9 4
77 11 4
77 20 2
77 27 2
77 28 2
77 30 3
77 44 4
77 78 3
77 82 4
77 97 2
78 0 4
78 14 0
78 16 4
78 25 0
78 33 0
78 57 2
78 64 0
78 67 2
78 82 0
78 90 0
79 4 1
79 9 1
79 19 0
79 21 0
79 34 0
79 51 3
79 53 4
79 74 2
79 82 0
79 85 2
80 13 0
80 23 1
80 28 1
80 33 1
80 39 2
80 41 2
80 75 1
80 87 3
80 88 2
80 95 0
81 2 2
81 12 2
81 14 0
81 15 0
81 19 0
81 45 3
81 56 4
81 65 1
81 86 1
81 96 0
82 24 4
82 28 3
82 32 0
82 34 1
82 61 3
82 63 2
82 72 4
82 74 4
82 77 4
82 92 2
83 24 3
83 28 0
83 29 2
83 40 3
83 42 1
83 46 3
83 54 1
83 64 2
83 80 3
83 98 2
84 14 1
84 16 3
84 20 1
84 39 1
84 42 2
84 46 4
84 58 4
84 69 0
84 79 0
84 94 2
85 5 4
85 8 0
85 14 4
85 22 1
85 25 4
85 38 3
85 53 0
85 71 0
85 78 3
85 86 1
86 11 0
86 14 2
86 27 4
86 35 0
86 37 2
86 41 1
86 58 0
86 74 4
86 76 4
86 82 0
87 0 4
87 2 1
87 5 0
87 29 0
87 40 4
87 42 0
87 62 3
87 67 4
87 77 2
87 96 3
88 1 1
88 6 3
88 16 4
88 20 2
88 57 0
88 60 2
88 67 0
88 73 4
88 83 0
88 85 4
89 23 4
89 25 4
89 29 4
89 42 0
89 74 0
89 87 3
89 88 0
89 96 3
89 97 4
89 99 0
90 0 4
90 15 1
90 17 2
90 22 3
90 47 2
90 48 3
90 49 0
90 55 2
90 74 1
90 94 1
91 6 1
91 10 4
91 12 3
91 14 3
91 24 1
91 25 4
91 43 3
91 62 4
91 65 3
91 89 3
92 9 4
92 10 0
92 19 3
92 21 0
92 39 0
92 61 4
92 84 3
92 88 1
92 94 0
92 98 0
93 6 0
93 18 0
93 23 2
93 30 3
93 32 1
93 63 4
93 79 2
93 82 3
93 93 2
93 99 1
94 0 0
94 9 3
94 18 3
94 21 2
94 26 4
94 38 2
94 46 4
94 47 4
94 72 3
94 95 0
95 10 0
95 12 0
95 27 4
95 29 0
95 62 4
95 71 4
95 77 4
95 84 0
95 85 1
95 88 3
96 1 1
96 23 2
96 28 3
96 39 3
96 53 0
96 71 2
96 83 3
96 88 1
96 94 2
96 95 0
97 0 3
97 12 4
97 13 3
97 16 1
97 34 3
97 36 2
97 59 0
97 68 4
97 77 3
97 83 0
98 16 4
98 23 2
98 32 3
98 50 4
98 53 4
98 67 1
98 71 4
98 75 0
98 82 1
98 91 0
99 5 1
99 19 3
99 21 2
99 32 4
99 38 2
99 40 3
99 49 0
99 63 3
99 65 1
99 68 2
