100
100
3000 3000 3000 3000 3000 3000 3000 3000 3000 3000 3000 3000 3000 3000 3000 3000 3000 3000 3000 3000 3000 3000 3000 3000 3000 3000 3000 3000 3000 3000 3000 3000 3000 3000 3000 3000 3000 3000 3000 3000 3000 3000 3000 3000 3000 3000 3000 3000 3000 3000 3000 3000 3000 3000 3000 3000 3000 3000 3000 3000 3000 3000 3000 3000 3000 3000 3000 3000 3000 3000 3000 3000 3000 3000 3000 3000 3000 3000 3000 3000 3000 3000 3000 3000 3000 3000 3000 3000 3000 3000 3000 3000 3000 3000 3000 3000 3000 3000 3000 3000
0 2 0
0 9 1
0 34 3
0 35 1
0 36 2
0 51 2
0 56 1
0 71 2
0 85 3
0 90 3
1 2 1
1 6 3
1 34 1
1 41 1
1 54 2
1 68 0
1 71 3
1 76 2
1 78 4
1 82 3
2 4 2
2 6 0
2 9 0
2 40 0
2 64 3
2 65 4
2 69 3
2 71 2
2 74 4
2 85 2
3 26 1
3 32 1
3 34 2
3 38 0
3 42 3
3 43 1
3 45 4
3 67 1
3 79 2
3 90 0
4 11 1
4 23 1
4 57 1
4 61 1
4 74 4
4 77 1
4 79 3
4 81 3
4 86 4
4 92 4
5 0 1
5 20 4
5 38 2
5 40 2
5 49 0
5 73 1
5 78 2
5 79 4
5 86 1
5 89 0
6 19 4
6 25 1
6 26 3
6 28 0
6 39 1
6 44 4
6 45 2
6 51 2
6 81 4
6 90 0
7 17 2
7 20 3
7 31 3
7 46 4
7 64 0
7 69 1
7 89 2
7 92 4
7 96 0
7 98 3
8 1 2
8 2 4
8 10 0
8 13 2
8 27 3
8 37 4
8 65 2
8 88 0
8 96 0
8 99 2
9 14 0
9 27 4
9 42 0
9 45 1
9 46 0
9 57 1
9 60 0
9 73 4
9 89 0
9 97 3
10 3 2
10 5 2
10 20 4
10 22 1
10 45 4
10 52 4
10 69 2
10 72 1
10 93 4
10 94 2
11 14 3
11 23 3
11 49 0
11 57 4
11 58 4
11 61 2
11 74 2
11 79 1
11 85 3
11 94 3
12 0 1
12 3 1
12 27 2
12 29 1
12 48 3
12 49 0
12 55 1
12 66 1
12 73 3
12 85 3
13 14 0
13 16 4
13 21 3
13 30 0
13 61 0
13 70 1
13 75 4
13 76 3
13 85 0
13 89 2
14 6 4
14 8 4
14 16 1
14 39 3
14 46 4
14 47 0
14 62 1
14 65 0
14 66 2
14 99 3
15 0 3
15 6 4
15 17 2
15 18 0
15 26 4
15 39 0
15 54 4
15 63 4
15 67 1
15 87 1
16 6 1
16 15 0
16 20 3
16 27 1
16 29 3
16 41 1
16 55 2
16 87 2
16 95 0
16 98 0
17 6 3
17 17 2
17 21 0
17 44 1
17 51 1
17 67 1
17 74 1
17 91 3
17 92 4
17 93 1
18 0 1
18 14 1
18 16 4
18 20 4
18 41 3
18 50 4
18 61 4
18 79 1
18 81 2
18 93 0
19 1 3
19 19 3
19 21 4
19 26 3
19 62 0
19 85 3
19 87 0
19 89 3
19 92 3
19 97 3
20 11 1
20 47 4
20 52 2
20 74 4
20 78 3
20 88 2
20 89 2
20 90 1
20 96 4
20 99 1
21 3 1
21 6 0
21 10 4
21 26 3
21 30 4
21 50 3
21 67 4
21 79 2
21 91 1
21 95 0
22 0 0
22 2 0
22 24 3
22 36 3
22 51 4
22 57 1
22 74 4
22 75 1
22 86 3
22 99 1
23 0 4
23 5 0
23 6 3
23 10 4
23 32 1
23 43 4
23 46 2
23 68 0
23 83 0
23 84 4
24 0 3
24 3 1
24 13 2
24 30 0
24 41 3
24 51 2
24 70 3
24 79 2
24 84 3
24 92 0
25 3 1
25 21 4
25 25 1
25 31 4
25 47 4
25 69 0
25 75 3
25 89 4
25 91 1
25 94 4
26 10 2
26 25 2
26 37 1
26 41 1
26 49 1
26 52 0
26 60 4
26 61 4
26 71 4
26 73 4
27 13 4
27 16 1
27 22 1
27 23 4
27 42 2
27 45 2
27 50 0
27 63 3
27 74 3
27 75 1
28 8 2
28 29 0
28 44 4
28 48 1
28 49 4
28 64 1
28 66 1
28 72 4
28 82 2
28 90 2
29 2 3
29 15 2
29 18 0
29 25 1
29 26 1
29 37 1
29 58 3
29 63 2
29 80 3
29 99 0
30 6 2
30 22 4
30 29 3
30 49 2
30 50 2
30 62 3
30 67 2
30 84 4
30 87 4
30 97 3
31 7 1
31 66 0
31 67 2
31 75 1
31 82 4
31 84 4
31 85 2
31 86 1
31 94 0
31 95 2
32 2 3
32 3 0
32 14 1
32 24 4
32 26 4
32 32 1
32 35 2
32 40 4
32 49 2
32 99 4
33 7 0
33 12 3
33 19 1
33 20 4
33 21 2
33 30 1
33 31 0
33 33 4
33 37 3
33 93 4
34 1 2
34 7 2
34 8 0
34 9 3
34 11 1
34 36 4
34 64 2
34 88 0
34 89 2
34 90 1
35 1 1
35 2 1
35 12 2
35 24 4
35 25 3
35 38 2
35 53 0
35 61 1
35 71 2
35 73 4
36 1 4
36 13 4
36 18 0
36 21 0
36 39 2
36 53 0
36 67 3
36 73 3
36 87 0
36 98 4
37 1 4
37 14 0
37 20 1
37 23 3
37 33 1
37 44 2
37 47 0
37 50 1
37 79 4
37 99 2
38 13 1
38 38 2
38 55 1
38 73 3
38 74 3
38 87 3
38 93 4
38 95 2
38 96 2
38 98 0
39 1 4
39 28 1
39 57 2
39 63 4
39 65 3
39 70 0
39 71 0
39 83 3
39 91 4
39 95 0
40 0 3
40 2 3
40 4 3
40 29 1
40 45 4
40 51 1
40 69 3
40 80 2
40 81 1
40 84 0
41 5 2
41 16 0
41 32 1
41 36 0
41 47 3
41 56 1
41 59 3
41 73 2
41 81 1
41 99 0
42 5 1
42 15 2
42 19 0
42 24 2
42 66 3
42 70 4
42 74 3
42 75 3
42 90 1
42 98 3
43 5 3
43 21 2
43 44 3
43 45 1
43 47 3
43 54 3
43 71 0
43 76 4
43 82 4
43 94 3
44 14 3
44 16 4
44 25 2
44 29 4
44 39 3
44 55 0
44 79 2
44 80 4
44 90 4
44 95 4
45 34 4
45 36 3
45 42 1
45 47 3
45 49 4
45 68 0
45 73 4
45 74 1
45 95 3
45 97 3
46 4 0
46 11 3
46 13 0
46 15 3
46 43 0
46 54 1
46 58 0
46 73 0
46 82 0
46 89 1
47 25 4
47 38 1
47 45 1
47 50 0
47 54 1
47 65 2
47 70 1
47 81 4
47 84 1
47 88 0
48 15 2
48 25 0
48 37 2
48 38 0
48 40 4
48 53 0
48 60 4
48 67 1
48 79 0
48 98 4
49 19 4
49 31 2
49 45 1
49 46 4
49 57 0
49 58 0
49 67 1
49 71 1
49 81 1
49 89 2
50 0 4
50 2 0
50 5 4
50 36 0
50 49 1
50 52 0
50 63 0
50 74 2
50 75 3
50 89 1
51 1 4
51 6 1
51 11 0
51 14 3
51 40 2
51 42 4
51 56 0
51 71 0
51 73 0
51 87 3
52 2 2
52 28 4
52 49 0
52 53 3
52 56 3
52 67 1
52 72 2
52 73 2
52 80 1
52 95 3
53 3 4
53 12 3
53 15 1
53 24 2
53 56 3
53 61 0
53 62 2
53 69 0
53 85 3
53 96 3
54 3 3
54 10 3
54 18 3
54 46 2
54 58 2
54 69 3
54 72 1
54 83 2
54 94 3
54 95 4
55 5 4
55 7 3
55 23 1
55 27 0
55 38 3
55 39 3
55 45 1
55 49 0
55 54 4
55 70 2
56 10 0
56 13 4
56 16 4
56 19 3
56 21 4
56 40 1
56 53 4
56 60 4
56 82 3
56 86 0
57 4 2
57 10 1
57 24 0
57 26 0
57 50 3
57 65 4
57 79 0
57 81 3
57 84 3
57 93 1
58 0 1
58 6 4
58 9 2
58 15 3
58 32 3
58 56 2
58 70 4
58 71 2
58 85 2
58 95 2
59 1 0
59 8 4
59 27 1
59 28 4
59 37 3
59 45 3
59 59 0
59 69 3
59 77 3
59 92 0
60 4 2
60 8 0
60 14 1
60 24 0
60 46 2
60 50 3
60 59 4
60 86 3
60 90 2
60 95 2
61 11 2
61 20 3
61 21 0
61 39 0
61 40 2
61 55 3
61 69 0
61 73 4
61 74 0
61 84 2
62 5 0
62 18 4
62 23 2
62 28 4
62 34 0
62 36 3
62 54 0
62 74 2
62 87 1
62 88 0
63 1 2
63 7 1
63 8 1
63 24 3
63 34 3
63 53 1
63 64 1
63 83 2
63 84 3
63 89 1
64 5 4
64 32 3
64 33 0
64 44 1
64 52 3
64 76 0
64 78 0
64 90 4
64 91 2
64 99 4
65 6 1
65 19 2
65 25 2
65 27 2
65 31 0
65 32 3
65 39 1
65 69 2
65 81 1
65 90 0
66 4 2
66 9 3
66 25 4
66 26 4
66 47 4
66 55 2
66 56 3
66 63 1
66 76 0
66 80 0
67 16 1
67 17 4
67 18 4
67 23 4
67 34 0
67 44 2
67 78 3
67 80 2
67 89 0
67 94 1
68 0 4
68 6 2
68 32 4
68 39 0
68 69 0
68 72 3
68 88 3
68 90 1
68 91 1
68 99 0
69 6 0
69 7 4
69 27 4
69 55 4
69 66 0
69 70 0
69 74 2
69 78 4
69 82 1
69 94 3
70 1 1
70 17 2
70 36 4
70 49 1
70 61 2
70 75 3
70 76 1
70 77 3
70 82 4
70 83 0
71 7 1
71 27 0
71 31 4
71 39 1
71 55 3
71 67 1
71 71 4
71 73 0
71 86 2
71 97 4
72 9 2
72 13 1
72 28 0
72 38 0
72 44 4
72 53 0
72 57 1
72 60 4
72 69 3
72 98 1
73 11 1
73 36 4
73 62 1
73 64 3
73 68 1
73 74 1
73 82 4
73 86 0
73 95 4
73 98 1
74 16 4
74 26 2
74 37 1
74 38 1
74 42 1
74 59 2
74 62 0
74 63 2
74 75 0
74 76 4
75 7 0
75 26 2
75 27 3
75 34 3
75 52 4
75 53 2
75 59 2
75 66 4
75 68 2
75 93 2
76 8 2
76 10 3
76 18 1
76 27 0
76 48 4
76 49 2
76 51 0
76 54 4
76 55 1
76 63 4
77 15 2
77 22 0
77 24 3
77 26 4
77 35 2
77 52 1
77 59 1
77 90 3
77 93 0
77 97 1
78 6 4
78 28 4
78 40 3
78 41 0
78 51 2
78 57 2
78 62 0
78 69 0
78 77 2
78 94 4
79 4 4
79 6 4
79 18 4
79 21 4
79 32 2
79 38 0
79 53 3
79 71 3
79 78 2
79 95 1
80 10 3
80 19 0
80 21 2
80 22 0
80 24 4
80 38 1
80 73 4
80 86 1
80 89 2
80 94 4
81 0 1
81 8 4
81 10 0
81 23 0
81 24 2
81 31 3
81 36 0
81 38 0
81 86 2
81 89 2
82 3 0
82 5 0
82 22 2
82 31 1
82 36 4
82 39 0
82 53 4
82 68 3
82 69 1
82 89 1
83 0 0
83 1 2
83 12 4
83 15 2
83 24 1
83 29 4
83 33 3
83 34 3
83 43 1
83 73 2
84 0 2
84 9 0
84 11 2
84 17 0
84 36 4
84 55 0
84 65 2
84 73 3
84 82 2
84 91 1
85 4 3
85 18 0
85 23 4
85 26 4
85 49 4
85 50 4
85 69 1
85 73 2
85 85 4
85 89 0
86 13 1
86 26 1
86 32 4
86 43 3
86 46 0
86 63 0
86 68 0
86 75 4
86 87 0
86 88 2
87 25 0
87 35 0
87 45 4
87 47 0
87 60 4
87 78 4
87 85 3
87 87 1
87 89 4
87 94 2
88 2 3
88 10 4
88 29 1
88 32 0
88 74 4
88 75 1
88 81 2
88 90 2
88 98 1
88 99 1
89 18 3
89 42 3
89 49 0
89 54 1
89 61 0
89 67 4
89 70 1
89 79 2
89 80 1
89 81 2
90 13 0
90 17 3
90 19 0
90 43 3
90 47 1
90 48 3
90 51 4
90 57 4
90 60 2
90 89 4
91 6 2
91 7 0
91 9 3
91 17 3
91 48 1
91 53 1
91 67 4
91 73 2
91 91 0
91 99 0
92 1 0
92 11 2
92 21 0
92 56 1
92 57 1
92 60 4
92 70 1
92 90 1
92 93 0
92 96 3
93 16 1
93 17 2
93 32 0
93 35 4
93 40 2
93 43 4
93 56 1
93 65 0
93 71 1
93 79 0
94 4 1
94 15 2
94 27 0
94 45 4
94 46 3
94 49 1
94 63 0
94 74 0
94 94 4
94 99 4
95 2 0
95 13 1
95 31 2
95 32 1
95 37 3
95 63 4
95 67 2
95 90 0
95 97 1
95 98 4
96 3 2
96 4 0
96 6 2
96 19 2
96 20 0
96 33 2
96 43 1
96 58 1
96 68 2
96 89 1
97 1 0
97 9 1
97 18 4
97 19 1
97 37 3
97 58 0
97 63 4
97 69 4
97 88 1
97 92 4
98 3 2
98 22 0
98 25 4
98 27 1
98 29 4
98 40 1
98 44 1
98 45 4
98 49 1
98 59 1
99 7 4
99 14 2
99 31 0
99 44 3
99 53 4
99 73 2
99 75 4
99 80 1
99 83 2
99 87 0
