100
100
3000 3000 3000 3000 3000 3000 3000 3000 3000 3000 3000 3000 3000 3000 3000 3000 3000 3000 3000 3000 3000 3000 3000 3000 3000 3000 3000 3000 3000 3000 3000 3000 3000 3000 3000 3000 3000 3000 3000 3000 3000 3000 3000 3000 3000 3000 3000 3000 3000 3000 3000 3000 3000 3000 3000 3000 3000 3000 3000 3000 3000 3000 3000 3000 3000 3000 3000 3000 3000 3000 3000 3000 3000 3000 3000 3000 3000 3000 3000 3000 3000 3000 3000 3000 3000 3000 3000 3000 3000 3000 3000 3000 3000 3000 3000 3000 3000 3000 3000 3000
0 7 1
0 27 2
0 31 1
0 32 2
0 36 4
0 39 0
0 54 2
0 66 0
0 68 3
0 88 3
1 0 3
1 1 1
1 28 3
1 29 1
1 57 0
1 65 4
1 66 1
1 69 4
1 86 2
1 89 0
2 13 0
2 29 4
2 30 4
2 32 4
2 37 3
2 50 0
2 58 3
2 61 4
2 75 4
2 92 2
3 0 4
3 9 0
3 14 0
3 21 2
3 28 1
3 51 2
3 53 1
3 66 2
3 73 3
3 86 4
4 12 4
4 24 4
4 26 2
4 34 4
4 42 3
4 50 4
4 52 4
4 58 3
4 84 4
4 85 4
5 2 4
5 7 1
5 36 3
5 38 1
5 42 4
5 46 0
5 75 1
5 78 3
5 85 1
5 88 0
6 0 4
6 25 3
6 29 1
6 35 4
6 36 1
6 40 2
6 57 4
6 60 0
6 76 4
6 78 0
7 0 4
7 1 1
7 4 4
7 7 2
7 34 1
7 36 2
7 39 2
7 44 2
7 49 1
7 77 4
8 1 1
8 5 4
8 10 2
8 17 2
8 24 4
8 26 4
8 55 4
8 67 0
8 74 2
8 98 4
9 17 4
9 29 2
9 36 4
9 41 3
9 42 3
9 43 1
9 53 1
9 55 2
9 58 4
9 78 0
10 14 2
10 25 4
10 38 1
10 41 3
10 46 4
10 85 0
10 91 4
10 96 3
10 98 2
10 99 3
11 12 3
11 24 2
11 25 0
11 30 1
11 45 0
11 83 3
11 86 1
11 87 2
11 93 0
11 94 1
12 5 3
12 8 0
12 13 3
12 24 4
12 46 1
12 48 0
12 68 2
12 81 3
12 87 0
12 99 0
13 8 0
13 21 4
13 28 4
13 43 1
13 69 0
13 71 3
13 88 4
13 94 4
13 96 3
13 99 2
14 0 2
14 2 1
14 4 1
14 10 3
14 19 2
14 23 0
14 47 2
14 58 4
14 60 1
14 80 0
15 12 1
15 14 0
15 26 4
15 33 2
15 40 4
15 47 3
15 63 1
15 65 2
15 74 3
15 80 1
16 5 3
16 16 0
16 20 2
16 25 0
16 26 4
16 40 4
16 42 2
16 50 4
16 89 1
16 91 1
17 15 1
17 28 2
17 48 4
17 59 3
17 77 2
17 82 2
17 89 3
17 92 0
17 94 0
17 96 2
18 14 2
18 15 2
18 28 1
18 41 0
18 43 0
18 60 2
18 65 3
18 82 0
18 83 4
18 92 4
19 4 4
19 9 1
19 15 2
19 23 2
19 25 3
19 55 4
19 61 2
19 64 1
19 66 3
19 84 1
20 3 2
20 15 0
20 16 0
20 32 4
20 35 3
20 41 1
20 60 3
20 73 1
20 83 0
20 89 3
21 18 2
21 28 1
21 32 0
21 36 3
21 51 1
21 59 3
21 63 4
21 64 2
21 65 3
21 84 3
22 2 2
22 6 0
22 11 1
22 22 3
22 46 1
22 51 0
22 63 3
22 79 2
22 91 3
22 96 1
23 3 4
23 5 3
23 14 0
23 24 3
23 37 3
23 47 0
23 54 4
23 68 3
23 75 4
23 86 3
24 7 2
24 16 3
24 28 4
24 33 2
24 51 3
24 60 2
24 63 1
24 73 2
24 75 3
24 78 2
25 20 1
25 49 4
25 59 4
25 63 4
25 70 0
25 79 4
25 87 0
25 88 4
25 89 4
25 93 0
26 4 3
26 5 4
26 11 2
26 35 4
26 48 1
26 64 1
26 65 1
26 72 0
26 81 4
26 93 4
27 7 0
27 25 4
27 33 1
27 43 1
27 63 4
27 69 4
27 72 3
27 78 1
27 86 0
27 93 4
28 0 4
28 5 3
28 13 4
28 27 1
28 29 1
28 30 4
28 58 4
28 60 4
28 79 2
28 90 4
29 1 4
29 11 0
29 14 0
29 23 3
29 27 0
29 31 4
29 32 2
29 52 3
29 77 2
29 90 1
30 10 0
30 30 2
30 36 1
30 43 2
30 55 2
30 56 4
30 65 3
30 71 4
30 72 0
30 83 0
31 2 1
31 4 2
31 25 3
31 28 1
31 49 4
31 59 3
31 73 1
31 79 3
31 88 0
31 98 2
32 6 4
32 38 3
32 39 4
32 46 4
32 47 3
32 62 2
32 70 2
32 74 2
32 85 1
32 96 3
33 10 2
33 13 3
33 17 0
33 18 3
33 20 4
33 22 2
33 26 1
33 51 1
33 67 2
33 74 0
34 8 2
34 11 4
34 15 1
34 37 4
34 51 1
34 76 4
34 91 4
34 93 2
34 94 0
34 95 1
35 14 2
35 15 1
35 32 3
35 33 3
35 35 4
35 39 1
35 43 2
35 55 2
35 64 3
35 96 4
36 18 0
36 24 0
36 26 4
36 28 1
36 42 0
36 71 1
36 82 3
36 85 2
36 92 1
36 98 1
37 2 3
37 8 0
37 29 3
37 40 2
37 46 0
37 51 1
37 53 3
37 88 4
37 92 2
37 95 1
38 18 4
38 29 3
38 37 4
38 56 1
38 73 3
38 76 0
38 79 0
38 90 2
38 91 2
38 96 3
39 7 1
39 11 4
39 12 4
39 38 0
39 48 3
39 52 0
39 77 4
39 80 2
39 92 0
39 94 4
40 8 3
40 27 3
40 36 4
40 43 1
40 58 4
40 62 0
40 79 0
40 82 3
40 85 1
40 98 0
41 3 4
41 11 2
41 15 3
41 42 1
41 49 4
41 80 1
41 82 2
41 90 2
41 98 1
41 99 3
42 1 4
42 2 0
42 32 4
42 39 4
42 41 3
42 47 2
42 63 2
42 71 3
42 89 4
42 94 0
43 1 1
43 19 2
43 20 4
43 23 2
43 36 4
43 45 1
43 56 1
43 64 0
43 73 3
43 79 3
44 14 1
44 17 4
44 19 4
44 29 4
44 34 4
44 44 1
44 46 4
44 86 2
44 97 0
44 99 4
45 3 2
45 9 3
45 38 3
45 39 0
45 46 3
45 55 2
45 69 2
45 71 3
45 76 1
45 78 2
46 1 1
46 7 0
46 8 1
46 34 2
46 42 0
46 67 0
46 82 0
46 85 1
46 88 4
46 93 4
47 4 2
47 18 2
47 24 1
47 35 1
47 38 0
47 42 3
47 53 3
47 66 3
47 88 1
47 96 1
48 3 3
48 9 3
48 13 1
48 22 1
48 41 4
48 59 3
48 70 0
48 72 0
48 74 0
48 82 2
49 7 3
49 12 1
49 25 0
49 35 3
49 51 2
49 52 2
49 58 1
49 68 4
49 73 3
49 74 0
50 5 0
50 6 1
50 62 1
50 63 4
50 65 4
50 68 1
50 72 4
50 76 4
50 77 0
50 99 1
51 15 4
51 20 1
51 21 2
51 39 3
51 53 1
51 58 2
51 66 2
51 69 3
51 78 1
51 94 4
52 7 4
52 10 2
52 16 4
52 38 0
52 42 3
52 46 2
52 48 1
52 70 2
52 85 1
52 91 4
53 6 4
53 8 3
53 17 1
53 25 2
53 42 4
53 46 3
53 58 0
53 81 1
53 89 3
53 90 1
54 15 3
54 38 1
54 43 1
54 45 1
54 49 4
54 51 3
54 53 0
54 55 1
54 89 3
54 92 3
55 14 0
55 23 4
55 55 0
55 60 1
55 63 3
55 64 2
55 73 4
55 74 1
55 79 4
55 82 0
56 7 3
56 17 2
56 24 0
56 28 1
56 40 4
56 69 3
56 80 1
56 85 0
56 93 2
56 99 0
57 6 3
57 26 0
57 29 4
57 44 1
57 46 0
57 53 4
57 73 1
57 75 4
57 79 3
57 81 3
58 12 0
58 19 2
58 28 4
58 48 0
58 50 2
58 64 1
58 74 1
58 80 1
58 85 0
58 95 2
59 3 4
59 17 4
59 24 4
59 28 2
59 40 3
59 44 4
59 61 1
59 73 4
59 74 3
59 89 2
60 1 1
60 13 3
60 18 0
60 20 2
60 43 0
60 44 4
60 48 3
60 59 0
60 77 2
60 97 3
61 14 0
61 26 3
61 39 4
61 40 2
61 57 3
61 62 4
61 63 2
61 65 4
61 69 1
61 79 2
62 4 3
62 10 2
62 19 0
62 25 4
62 30 1
62 35 4
62 63 2
62 64 4
62 72 3
62 89 0
63 0 3
63 2 0
63 16 1
63 17 0
63 18 4
63 33 1
63 39 3
63 75 2
63 77 1
63 91 4
64 8 3
64 16 0
64 23 0
64 27 4
64 44 3
64 71 4
64 73 2
64 75 3
64 80 0
64 94 2
65 3 4
65 6 1
65 21 4
65 23 1
65 34 4
65 58 1
65 67 4
65 71 3
65 80 0
65 99 2
66 0 4
66 5 1
66 22 1
66 27 2
66 34 4
66 57 4
66 63 4
66 81 2
66 89 4
66 97 1
67 20 3
67 25 2
67 33 4
67 35 1
67 36 2
67 45 1
67 55 1
67 79 4
67 83 1
67 97 2
68 0 0
68 34 4
68 64 3
68 74 3
68 75 0
68 76 4
68 80 3
68 84 0
68 90 1
68 91 3
69 3 4
69 15 3
69 24 0
69 43 4
69 57 1
69 65 0
69 77 4
69 81 3
69 87 3
69 96 2
70 5 0
70 17 2
70 41 4
70 42 4
70 58 2
70 61 3
70 63 2
70 86 3
70 90 0
70 97 0
71 10 2
71 13 0
71 38 0
71 41 0
71 51 3
71 60 2
71 77 0
71 78 1
71 95 1
71 98 2
72 2 1
72 15 4
72 22 0
72 31 3
72 47 0
72 49 4
72 54 0
72 65 2
72 68 3
72 80 2
73 2 4
73 6 0
73 9 4
73 10 2
73 19 4
73 28 0
73 36 4
73 75 3
73 79 2
73 85 0
74 4 0
74 5 4
74 11 0
74 34 4
74 41 1
74 48 4
74 51 4
74 79 2
74 83 2
74 85 0
75 9 1
75 16 0
75 26 2
75 27 3
75 52 1
75 54 1
75 62 4
75 89 3
75 96 1
75 97 1
76 5 2
76 17 1
76 20 3
76 27 3
76 33 3
76 41 3
76 54 2
76 74 0
76 83 0
76 99 4
77 29 1
77 32 1
77 37 2
77 38 3
77 42 1
77 44 2
77 57 1
77 58 4
77 69 0
77 81 1
78 8 3
78 24 3
78 32 4
78 37 3
78 69 4
78 79 3
78 83 1
78 90 3
78 91 3
78 93 1
79 30 0
79 31 0
79 36 2
79 38 3
79 40 1
79 59 0
79 67 3
79 71 2
79 84 2
79 89 1
80 9 2
80 11 2
80 15 1
80 42 2
80 50 2
80 57 1
80 84 3
80 85 3
80 87 2
80 97 3
81 11 1
81 16 0
81 45 0
81 49 4
81 53 2
81 61 2
81 65 4
81 71 4
81 74 4
81 76 3
82 14 4
82 16 3
82 20 2
82 23 1
82 34 3
82 40 2
82 44 4
82 51 0
82 81 0
82 92 4
83 3 4
83 17 0
83 22 0
83 28 0
83 40 3
83 50 3
83 58 0
83 73 4
83 80 0
83 83 2
84 7 0
84 10 0
84 12 3
84 26 4
84 36 3
84 42 2
84 49 2
84 74 2
84 77 1
84 89 0
85 10 3
85 18 3
85 26 3
85 35 1
85 39 1
85 64 0
85 81 3
85 90 0
85 92 0
85 98 2
86 16 2
86 27 1
86 34 3
86 44 1
86 64 3
86 69 1
86 80 0
86 82 2
86 87 4
86 90 3
87 8 1
87 10 4
87 20 0
87 21 3
87 23 0
87 52 2
87 61 1
87 76 3
87 80 1
87 88 4
88 5 3
88 7 4
88 15 0
88 22 3
88 31 0
88 42 4
88 50 0
88 54 4
88 60 4
88 69 1
89 13 2
89 16 1
89 33 2
89 37 1
89 52 4
89 58 0
89 62 3
89 79 4
89 89 2
89 97 0
90 9 1
90 21 1
90 23 3
90 42 1
90 60 1
90 69 1
90 74 3
90 79 0
90 83 0
90 87 0
91 3 2
91 7 1
91 29 3
91 31 0
91 41 0
91 55 3
91 74 2
91 79 4
91 85 4
91 95 4
92 7 1
92 18 2
92 25 1
92 33 1
92 35 3
92 48 3
92 87 3
92 89 4
92 91 3
92 95 1
93 1 4
93 10 3
93 20 4
93 56 2
93 57 3
93 66 0
93 68 4
93 69 0
93 77 4
93 85 4
94 5 3
94 6 3
94 9 0
94 14 1
94 47 0
94 48 1
94 62 3
94 70 0
94 83 1
94 97 4
95 9 0
95 10 1
95 14 4
95 19 0
95 29 1
95 42 0
95 50 0
95 80 3
95 84 4
95 99 0
96 2 0
96 10 3
96 18 1
96 19 4
96 23 0
96 30 1
96 39 2
96 43 4
96 63 1
96 90 2
97 0 4
97 3 1
97 7 0
97 8 3
97 13 2
97 46 0
97 72 2
97 85 2
97 95 0
97 98 1
98 4 4
98 9 4
98 14 2
98 19 4
98 20 1
98 30 4
98 35 1
98 44 1
98 83 1
98 99 0
99 1 0
99 11 1
99 21 4
99 34 1
99 40 4
99 41 0
99 46 1
99 50 2
99 52 2
99 72 4
