100
100
3000 3000 3000 3000 3000 3000 3000 3000 3000 3000 3000 3000 3000 3000 3000 3000 3000 3000 3000 3000 3000 3000 3000 3000 3000 3000 3000 3000 3000 3000 3000 3000 3000 3000 3000 3000 3000 3000 3000 3000 3000 3000 3000 3000 3000 3000 3000 3000 3000 3000 3000 3000 3000 3000 3000 3000 3000 3000 3000 3000 3000 3000 3000 3000 3000 3000 3000 3000 3000 3000 3000 3000 3000 3000 3000 3000 3000 3000 3000 3000 3000 3000 3000 3000 3000 3000 3000 3000 3000 3000 3000 3000 3000 3000 3000 3000 3000 3000 3000 3000
0 12 4
0 17 3
0 20 3
0 22 0
0 51 0
0 54 4
0 59 2
0 72 0
0 79 2
0 90 2
1 3 2
1 19 4
1 26 2
1 27 4
1 37 4
1 60 3
1 64 1
1 70 4
1 76 2
1 77 1
2 13 1
2 15 1
2 20 1
2 24 3
2 37 3
2 46 0
2 48 1
2 50 2
2 72 0
2 78 4
3 22 1
3 24 0
3 26 1
3 30 2
3 38 3
3 51 0
3 56 1
3 68 4
3 74 0
3 79 3
4 14 0
4 21 4
4 26 1
4 47 4
4 59 3
4 62 1
4 76 1
4 86 1
4 88 3
4 93 4
5 4 1
5 6 4
5 31 3
5 47 4
5 67 2
5 69 1
5 82 2
5 88 4
5 93 4
5 99 0
6 3 2
6 13 0
6 17 3
6 41 3
6 60 1
6 78 2
6 80 3
6 81 4
6 83 2
6 90 0
7 6 3
7 11 2
7 19 0
7 37 1
7 38 0
7 42 3
7 49 2
7 70 2
7 71 2
7 88 2
8 9 4
8 15 2
8 28 1
8 41 1
8 48 2
8 50 4
8 60 2
8 70 2
8 90 0
8 98 1
9 0 2
9 3 2
9 22 0
9 25 1
9 30 0
9 33 0
9 56 4
9 65 1
9 87 4
9 94 0
10 12 3
10 45 1
10 46 0
10 51 3
10 61 1
10 70 2
10 72 4
10 74 4
10 98 4
10 99 0
11 3 3
11 15 3
11 24 2
11 34 0
11 36 3
11 53 4
11 70 4
11 72 4
11 73 1
11 85 3
12 0 4
12 3 3
12 6 3
12 20 2
12 25 0
12 71 2
12 76 1
12 81 4
12 86 2
12 98 4
13 13 0
13 15 3
13 19 4
13 39 1
13 49 4
13 53 4
13 56 3
13 74 0
13 78 3
13 99 2
14 16 0
14 34 4
14 36 2
14 45 0
14 47 2
14 49 2
14 54 4
14 55 3
14 61 3
14 89 1
15 4 3
15 13 3
15 14 4
15 18 3
15 22 3
15 27 3
15 43 1
15 49 2
15 53 2
15 78 4
16 14 2
16 24 0
16 28 2
16 57 1
16 64 3
16 73 4
16 76 4
16 78 4
16 84 3
16 91 3
17 10 1
17 16 3
17 17 0
17 18 4
17 19 3
17 39 1
17 51 3
17 57 2
17 77 4
17 85 3
18 3 4
18 5 3
18 28 1
18 29 3
18 33 4
18 55 0
18 59 1
18 80 3
18 82 1
18 96 3
19 14 4
19 27 4
19 53 0
19 55 2
19 57 4
19 61 3
19 65 0
19 72 1
19 78 4
19 82 0
20 2 0
20 4 0
20 15 1
20 26 2
20 44 1
20 50 1
20 57 4
20 79 3
20 93 4
20 96 3
21 14 1
21 28 1
21 44 2
21 53 4
21 61 4
21 63 4
21 89 3
21 94 4
21 95 0
21 96 0
22 1 3
22 9 4
22 18 0
22 20 0
22 35 3
22 68 0
22 77 0
22 82 2
22 85 4
22 99 0
23 9 1
23 17 0
23 25 2
23 28 2
23 32 3
23 33 4
23 41 4
23 64 4
23 86 2
23 95 2
24 18 4
24 19 4
24 23 1
24 42 4
24 44 0
24 62 1
24 64 2
24 92 3
24 93 2
24 95 2
25 2 3
25 10 0
25 15 2
25 48 1
25 52 2
25 53 0
25 54 0
25 57 1
25 76 3
25 88 1
26 3 4
26 24 4
26 41 0
26 44 0
26 51 1
26 57 4
26 66 2
26 75 1
26 92 4
26 99 1
27 1 3
27 48 1
27 57 1
27 59 1
27 63 0
27 68 0
27 74 2
27 83 0
27 90 3
27 98 1
28 4 1
28 15 0
28 25 0
28 38 0
28 55 4
28 56 1
28 58 3
28 61 2
28 68 3
28 89 2
29 5 3
29 14 4
29 27 2
29 45 3
29 46 1
29 54 1
29 59 2
29 60 4
29 73 3
29 89 0
30 13 0
30 16 0
30 26 1
30 37 3
30 49 3
30 50 4
30 60 3
30 74 1
30 75 4
30 92 4
31 6 2
31 30 1
31 44 2
31 53 3
31 59 0
31 62 1
31 67 4
31 78 4
31 84 1
31 85 3
32 0 0
32 8 3
32 10 0
32 20 2
32 46 3
32 65 1
32 77 0
32 88 0
32 90 3
32 96 2
33 7 0
33 11 3
33 26 0
33 28 1
33 29 2
33 33 4
33 47 2
33 64 2
33 94 2
33 99 3
34 13 0
34 20 3
34 28 0
34 47 1
34 52 2
34 54 3
34 72 4
34 75 4
34 81 4
34 83 2
35 0 1
35 36 0
35 39 3
35 41 2
35 56 1
35 64 1
35 78 2
35 80 3
35 81 2
35 95 2
36 3 0
36 6 2
36 10 2
36 25 3
36 28 3
36 31 0
36 40 0
36 79 3
36 91 0
36 95 2
37 20 4
37 26 1
37 30 0
37 42 1
37 49 0
37 63 3
37 75 0
37 84 1
37 85 0
37 89 1
38 6 2
38 14 0
38 20 4
38 25 4
38 26 2
38 33 2
38 39 2
38 47 3
38 58 2
38 79 3
39 11 2
39 17 2
39 22 4
39 24 2
39 30 2
39 36 3
39 38 0
39 42 1
39 54 4
39 87 4
40 28 0
40 44 1
40 49 1
40 50 2
40 59 1
40 61 2
40 82 0
40 86 1
40 91 0
40 95 2
41 15 2
41 17 4
41 22 2
41 32 1
41 34 4
41 41 0
41 47 1
41 48 2
41 51 3
41 77 1
42 10 1
42 12 4
42 16 4
42 34 3
42 52 4
42 57 0
42 59 1
42 73 1
42 80 1
42 89 2
43 15 4
43 21 0
43 27 2
43 39 1
43 44 4
43 52 4
43 66 1
43 78 2
43 89 2
43 93 1
44 4 3
44 5 0
44 7 1
44 10 4
44 12 0
44 35 2
44 50 0
44 69 2
44 75 1
44 85 1
45 2 0
45 6 1
45 29 3
45 44 2
45 46 3
45 59 2
45 65 2
45 71 3
45 75 1
45 96 3
46 11 3
46 23 0
46 24 3
46 39 3
46 55 3
46 59 0
46 72 1
46 91 0
46 96 1
46 99 1
47 10 3
47 18 4
47 30 2
47 41 0
47 42 1
47 61 1
47 67 3
47 70 0
47 75 2
47 85 0
48 12 3
48 29 4
48 40 2
48 44 1
48 49 2
48 60 1
48 69 3
48 70 0
48 79 3
48 96 0
49 16 3
49 17 2
49 25 1
49 29 2
49 31 3
49 32 4
49 40 4
49 62 2
49 73 3
49 81 0
50 1 3
50 11 4
50 12 4
50 15 0
50 26 3
50 56 4
50 78 3
50 92 1
50 93 1
50 95 1
51 1 1
51 4 3
51 20 0
51 32 2
51 39 3
51 53 2
51 57 4
51 66 2
51 69 0
51 84 2
52 1 2
52 17 0
52 20 0
52 31 1
52 46 0
52 54 0
52 60 0
52 62 3
52 71 1
52 74 2
53 6 0
53 30 1
53 34 1
53 37 4
53 43 2
53 46 1
53 55 3
53 58 4
53 61 4
53 96 2
54 1 4
54 2 2
54 5 3
54 12 1
54 18 3
54 31 3
54 61 2
54 82 2
54 94 4
54 96 4
55 4 2
55 6 1
55 7 4
55 18 0
55 19 0
55 25 4
55 38 3
55 70 2
55 83 3
55 85 1
56 21 0
56 31 3
56 38 3
56 50 1
56 54 3
56 61 1
56 72 4
56 75 4
56 79 2
56 92 1
57 2 0
57 6 0
57 10 0
57 24 4
57 29 3
57 33 1
57 39 3
57 45 4
57 55 3
57 65 2
58 1 1
58 15 3
58 16 2
58 30 0
58 33 4
58 44 3
58 64 2
58 67 3
58 97 3
58 99 0
59 26 1
59 34 0
59 51 0
59 52 4
59 56 0
59 59 1
59 61 3
59 67 2
59 69 3
59 72 4
60 0 0
60 2 2
60 10 0
60 37 2
60 67 4
60 68 0
60 82 3
60 85 4
60 87 1
60 95 1
61 7 4
61 18 2
61 21 4
61 22 0
61 26 3
61 28 4
61 43 0
61 84 4
61 87 3
61 90 2
62 11 3
62 12 2
62 15 4
62 19 0
62 39 2
62 64 0
62 87 2
62 91 2
62 95 2
62 98 1
63 10 1
63 12 1
63 15 4
63 28 0
63 34 4
63 43 1
63 63 0
63 75 2
63 76 1
63 79 1
64 7 1
64 33 2
64 35 1
64 49 4
64 56 1
64 60 1
64 78 4
64 80 4
64 83 2
64 91 0
65 8 1
65 30 2
65 35 1
65 56 3
65 63 2
65 75 1
65 83 2
65 89 1
65 90 2
65 98 2
66 2 2
66 8 3
66 20 1
66 23 1
66 25 0
66 35 1
66 67 3
66 74 3
66 89 0
66 99 0
67 18 3
67 19 2
67 21 4
67 29 1
67 30 0
67 54 2
67 65 4
67 76 1
67 89 4
67 93 3
68 3 3
68 8 1
68 15 4
68 31 0
68 33 2
68 36 3
68 54 0
68 55 4
68 86 3
68 90 1
69 15 3
69 20 4
69 37 1
69 47 1
69 57 4
69 61 1
69 62 3
69 68 2
69 89 4
69 91 1
70 5 1
70 13 4
70 21 4
70 28 3
70 65 3
70 71 2
70 73 3
70 75 0
70 87 1
70 90 0
71 3 4
71 12 4
71 22 4
71 32 4
71 45 0
71 69 1
71 74 2
71 77 1
71 87 1
71 93 1
72 7 0
72 27 0
72 33 2
72 35 1
72 41 4
72 46 1
72 52 1
72 67 3
72 82 3
72 87 0
73 6 2
73 11 1
73 12 3
73 28 1
73 31 0
73 64 0
73 82 3
73 83 2
73 86 3
73 94 0
74 4 0
74 6 4
74 12 4
74 36 3
74 49 4
74 69 4
74 74 0
74 80 4
74 85 3
74 86 4
75 12 4
75 15 0
75 18 4
75 26 4
75 29 2
75 50 1
75 52 0
75 72 0
75 77 0
75 78 0
76 2 1
76 18 2
76 29 1
76 31 1
76 41 0
76 54 3
76 58 2
76 76 1
76 82 0
76 99 4
77 12 1
77 25 4
77 26 0
77 35 2
77 40 2
77 47 0
77 66 4
77 70 2
77 72 0
77 93 1
78 6 1
78 11 1
78 28 1
78 33 4
78 35 2
78 43 3
78 47 4
78 52 4
78 54 1
78 55 1
79 9 0
79 16 4
79 22 3
79 40 4
79 55 2
79 58 2
79 60 0
79 72 0
79 80 4
79 89 4
80 9 3
80 19 2
80 24 4
80 31 1
80 38 3
80 63 0
80 65 0
80 77 3
80 86 2
80 88 0
81 2 1
81 6 1
81 11 4
81 16 0
81 27 1
81 39 0
81 54 4
81 55 0
81 70 3
81 73 2
82 2 1
82 10 2
82 28 3
82 29 3
82 40 3
82 62 2
82 75 3
82 77 0
82 82 4
82 89 0
83 1 4
83 12 4
83 14 1
83 15 1
83 21 2
83 22 0
83 26 2
83 49 4
83 56 2
83 98 4
84 3 4
84 8 0
84 22 3
84 23 2
84 27 3
84 35 3
84 36 2
84 47 3
84 48 3
84 96 2
85 6 0
85 10 4
85 13 1
85 17 3
85 20 3
85 37 2
85 42 1
85 52 2
85 54 3
85 56 1
86 1 4
86 23 0
86 26 0
86 39 2
86 57 4
86 59 3
86 69 2
86 73 0
86 82 0
86 92 4
87 1 3
87 7 1
87 22 1
87 30 0
87 35 0
87 39 3
87 55 2
87 64 1
87 72 1
87 96 2
88 0 4
88 7 4
88 16 2
88 28 2
88 35 4
88 42 4
88 46 3
88 66 4
88 68 1
88 78 4
89 5 3
89 22 3
89 30 2
89 36 4
89 40 1
89 59 0
89 62 1
89 86 0
89 92 0
89 93 4
90 3 1
90 16 0
90 19 4
90 33 4
90 48 1
90 52 1
90 62 2
90 69 0
90 89 2
90 92 0
91 17 1
91 28 2
91 31 4
91 54 2
91 70 0
91 78 3
91 80 4
91 81 1
91 91 1
91 96 3
92 0 0
92 30 0
92 32 4
92 42 2
92 58 3
92 65 1
92 72 2
92 91 0
92 95 4
92 97 1
93 23 4
93 34 2
93 35 4
93 47 0
93 65 2
93 67 0
93 71 1
93 90 4
93 93 1
93 99 0
94 12 2
94 13 0
94 15 0
94 39 3
94 48 1
94 60 3
94 61 0
94 62 4
94 95 2
94 97 4
95 2 2
95 14 0
95 24 4
95 26 2
95 30 2
95 50 1
95 54 1
95 77 3
95 81 4
95 83 4
96 16 4
96 19 1
96 46 0
96 55 1
96 57 4
96 59 4
96 64 4
96 70 2
96 88 0
96 94 3
97 2 1
97 15 4
97 24 0
97 28 0
97 30 3
97 31 1
97 49 4
97 60 0
97 75 2
97 81 1
98 3 0
98 6 4
98 9 4
98 10 0
98 25 4
98 37 3
98 42 1
98 53 3
98 74 4
98 85 2
99 1 4
99 5 2
99 17 3
99 21 3
99 22 1
99 25 1
99 27 0
99 61 1
99 65 3
99 98 3
