100
100
3000 3000 3000 3000 3000 3000 3000 3000 3000 3000 3000 3000 3000 3000 3000 3000 3000 3000 3000 3000 3000 3000 3000 3000 3000 3000 3000 3000 3000 3000 3000 3000 3000 3000 3000 3000 3000 3000 3000 3000 3000 3000 3000 3000 3000 3000 3000 3000 3000 3000 3000 3000 3000 3000 3000 3000 3000 3000 3000 3000 3000 3000 3000 3000 3000 3000 3000 3000 3000 3000 3000 3000 3000 3000 3000 3000 3000 3000 3000 3000 3000 3000 3000 3000 3000 3000 3000 3000 3000 3000 3000 3000 3000 3000 3000 3000 3000 3000 3000 3000
0 11 0
0 19 4
0 20 1
0 26 3
0 46 3
0 77 4
0 82 0
0 92 0
0 93 2
0 95 4
1 4 4
1 9 1
1 16 0
1 21 2
1 37 1
1 51 4
1 54 2
1 61 0
1 75 1
1 94 1
2 9 4
2 20 0
2 22 2
2 24 0
2 27 2
2 34 0
2 44 3
2 58 3
2 59 0
2 74 3
3 2 0
3 16 0
3 18 3
3 25 0
3 44 1
3 56 3
3 63 1
3 67 1
3 71 4
3 86 3
4 4 2
4 17 4
4 36 2
4 54 0
4 75 3
4 77 3
4 78 2
4 81 4
4 90 0
4 98 1
5 2 1
5 12 3
5 19 4
5 31 3
5 34 4
5 36 0
5 77 4
5 86 1
5 88 3
5 89 0
6 8 3
6 19 3
6 26 0
6 28 0
6 29 2
6 30 0
6 42 2
6 61 1
6 71 1
6 79 2
7 17 0
7 19 4
7 21 2
7 26 2
7 30 0
7 35 1
7 59 2
7 61 2
7 63 2
7 88 0
8 15 4
8 28 1
8 31 0
8 38 1
8 41 1
8 45 2
8 50 3
8 73 1
8 84 3
8 92 0
9 5 1
9 14 4
9 29 2
9 49 1
9 56 4
9 71 1
9 88 1
9 89 4
9 90 0
9 94 0
10 0 2
10 3 4
10 11 3
10 14 1
10 29 2
10 35 2
10 46 2
10 80 3
10 86 1
10 96 3
11 8 0
11 9 4
11 10 1
11 11 2
11 15 2
11 29 0
11 57 4
11 63 4
11 87 2
11 94 2
12 20 0
12 30 0
12 37 4
12 49 2
12 62 3
12 68 2
12 70 0
12 76 1
12 88 2
12 91 3
13 1 1
13 12 3
13 19 2
13 29 0
13 47 0
13 52 1
13 71 3
13 78 2
13 89 1
13 91 2
14 2 3
14 16 1
14 24 3
14 52 3
14 53 1
14 61 1
14 64 3
14 76 4
14 79 1
14 84 2
15 3 3
15 15 3
15 21 0
15 27 3
15 46 3
15 60 4
15 77 1
15 85 1
15 93 4
15 99 1
16 2 1
16 9 0
16 15 3
16 17 4
16 28 2
16 41 4
16 44 3
16 47 2
16 70 0
16 73 1
17 12 1
17 44 4
17 50 1
17 52 0
17 63 3
17 70 0
17 73 2
17 77 0
17 83 3
17 89 1
18 11 4
18 19 0
18 31 3
18 39 4
18 40 4
18 43 2
18 53 2
18 73 4
18 76 2
18 77 0
19 0 4
19 2 3
19 9 3
19 11 3
19 26 0
19 29 3
19 45 3
19 56 4
19 77 2
19 93 2
20 9 3
20 23 4
20 32 4
20 47 1
20 61 0
20 63 4
20 73 1
20 81 3
20 86 4
20 88 4
21 15 4
21 30 2
21 39 2
21 47 3
21 57 0
21 62 0
21 72 2
21 78 4
21 87 2
21 90 4
22 2 3
22 14 3
22 23 1
22 31 3
22 34 0
22 35 0
22 39 1
22 51 0
22 81 0
22 85 3
23 10 1
23 14 3
23 40 0
23 43 0
23 48 3
23 54 1
23 66 1
23 84 3
23 87 2
23 97 1
24 17 1
24 32 2
24 33 0
24 35 4
24 51 2
24 67 2
24 69 4
24 79 1
24 81 3
24 99 4
25 1 4
25 6 3
25 14 4
25 21 2
25 31 0
25 60 2
25 65 0
25 71 4
25 82 1
25 85 3
26 6 1
26 8 0
26 21 1
26 44 4
26 53 2
26 54 3
26 59 1
26 73 0
26 88 3
26 97 4
27 11 1
27 36 3
27 41 2
27 42 3
27 57 2
27 59 1
27 65 4
27 76 4
27 83 3
27 86 1
28 10 1
28 15 2
28 21 1
28 42 0
28 49 4
28 56 2
28 58 0
28 60 3
28 82 1
28 98 4
29 9 3
29 14 0
29 28 1
29 48 2
29 54 4
29 73 0
29 75 4
29 77 3
29 88 2
29 96 1
30 1 1
30 5 2
30 14 4
30 16 0
30 21 1
30 45 3
30 54 0
30 62 0
30 88 0
30 92 4
31 2 2
31 10 4
31 14 0
31 15 4
31 35 4
31 45 1
31 47 2
31 64 1
31 76 3
31 92 1
32 6 4
32 15 1
32 37 4
32 40 0
32 41 2
32 48 4
32 56 4
32 68 2
32 77 3
32 94 4
33 0 1
33 18 4
33 42 0
33 60 4
33 66 2
33 76 0
33 82 4
33 95 1
33 98 3
33 99 3
34 0 4
34 4 4
34 9 2
34 25 2
34 33 3
34 36 3
34 42 0
34 63 3
34 69 3
34 97 1
35 1 1
35 12 3
35 13 1
35 18 0
35 31 3
35 36 3
35 38 0
35 70 0
35 85 1
35 95 1
36 33 4
36 34 3
36 46 1
36 47 3
36 54 4
36 66 3
36 78 4
36 90 0
36 97 3
36 98 0
37 0 4
37 25 1
37 29 2
37 39 2
37 46 0
37 66 2
37 70 4
37 73 3
37 77 0
37 90 4
38 9 4
38 23 3
38 31 4
38 37 4
38 64 2
38 72 4
38 76 3
38 81 4
38 97 2
38 98 4
39 0 4
39 6 3
39 8 1
39 13 2
39 31 4
39 39 4
39 43 0
39 46 0
39 52 0
39 87 2
40 0 3
40 27 2
40 30 0
40 36 3
40 42 4
40 44 1
40 58 1
40 67 0
40 73 3
40 94 1
41 20 4
41 22 4
41 35 1
41 43 4
41 47 0
41 60 3
41 61 4
41 78 2
41 81 3
41 86 3
42 10 4
42 14 2
42 38 1
42 41 2
42 58 4
42 63 4
42 68 4
42 77 1
42 91 2
42 99 4
43 10 3
43 21 0
43 27 0
43 37 2
43 38 1
43 51 0
43 64 2
43 84 1
43 86 3
43 97 2
44 9 3
44 10 1
44 34 4
44 35 3
44 42 4
44 53 4
44 59 2
44 69 2
44 71 1
44 86 0
45 8 2
45 15 0
45 23 3
45 28 0
45 33 4
45 34 2
45 37 1
45 50 1
45 57 1
45 86 3
46 15 1
46 34 4
46 47 1
46 60 2
46 61 3
46 76 2
46 79 4
46 89 3
46 92 3
46 97 2
47 5 1
47 38 1
47 39 3
47 55 2
47 60 4
47 66 1
47 77 1
47 83 4
47 87 3
47 98 4
48 24 3
48 29 4
48 38 2
48 39 3
48 40 2
48 56 1
48 62 0
48 69 1
48 96 0
48 97 4
49 5 1
49 24 4
49 25 4
49 59 2
49 63 3
49 65 3
49 66 1
49 70 2
49 93 1
49 97 3
50 17 2
50 19 4
50 28 4
50 30 4
50 37 0
50 40 3
50 55 0
50 74 1
50 83 2
50 89 0
51 9 3
51 17 0
51 29 3
51 49 3
51 63 2
51 79 2
51 82 1
51 86 2
51 94 4
51 99 3
52 0 4
52 1 2
52 2 4
52 12 0
52 15 4
52 68 3
52 70 4
52 78 0
52 81 4
52 82 0
53 9 3
53 14 3
53 15 1
53 26 1
53 27 0
53 46 4
53 47 3
53 59 2
53 67 2
53 77 3
54 17 0
54 34 0
54 48 2
54 51 4
54 53 3
54 56 0
54 57 4
54 61 0
54 70 1
54 87 4
55 27 0
55 29 1
55 50 0
55 52 0
55 67 3
55 74 2
55 78 3
55 83 2
55 84 2
55 92 1
56 26 0
56 50 3
56 52 1
56 55 3
56 59 2
56 60 4
56 82 3
56 85 0
56 89 3
56 90 3
57 2 3
57 18 4
57 24 0
57 38 0
57 45 2
57 65 2
57 75 1
57 83 1
57 97 0
57 98 3
58 16 2
58 17 1
58 22 3
58 25 1
58 49 0
58 50 0
58 62 1
58 63 1
58 79 2
58 98 0
59 8 0
59 16 4
59 28 2
59 45 4
59 46 2
59 53 3
59 65 0
59 67 3
59 78 0
59 95 1
60 13 3
60 25 3
60 43 3
60 47 4
60 52 4
60 63 1
60 71 3
60 81 0
60 91 0
60 97 2
61 1 3
61 12 4
61 23 4
61 32 3
61 37 4
61 39 2
61 41 0
61 59 4
61 60 2
61 88 0
62 14 3
62 16 1
62 19 2
62 24 1
62 37 3
62 71 0
62 75 2
62 83 3
62 87 0
62 99 3
63 20 2
63 23 0
63 25 0
63 35 4
63 53 0
63 64 1
63 74 4
63 75 0
63 82 4
63 97 2
64 5 0
64 23 2
64 26 0
64 57 0
64 66 1
64 69 0
64 71 2
64 74 3
64 80 4
64 97 4
65 0 4
65 1 3
65 8 4
65 28 3
65 39 2
65 40 1
65 55 1
65 56 1
65 57 0
65 88 4
66 12 4
66 23 2
66 28 2
66 30 0
66 32 3
66 56 3
66 83 0
66 92 4
66 98 2
66 99 0
67 6 4
67 15 4
67 36 3
67 38 3
67 48 3
67 49 3
67 55 3
67 62 2
67 64 0
67 94 2
68 2 4
68 19 3
68 25 3
68 48 1
68 65 2
68 68 3
68 71 1
68 79 2
68 82 0
68 99 4
69 13 1
69 14 2
69 17 1
69 19 1
69 21 0
69 27 1
69 47 4
69 49 0
69 62 3
69 77 1
70 16 1
70 45 3
70 46 2
70 54 3
70 56 1
70 57 3
70 60 4
70 64 1
70 69 0
70 81 3
71 21 3
71 27 0
71 32 0
71 40 4
71 42 1
71 62 0
71 83 2
71 91 3
71 95 0
71 98 1
72 4 4
72 15 0
72 19 3
72 21 3
72 29 0
72 32 4
72 53 0
72 54 3
72 87 2
72 91 1
73 0 3
73 3 1
73 7 0
73 17 0
73 31 4
73 36 3
73 42 1
73 47 4
73 91 4
73 96 0
74 1 2
74 5 2
74 22 0
74 25 3
74 35 3
74 38 0
74 48 4
74 63 4
74 66 0
74 91 2
75 2 2
75 4 0
75 10 4
75 35 0
75 53 4
75 57 2
75 62 2
75 72 0
75 83 0
75 99 0
76 10 2
76 26 2
76 53 2
76 56 4
76 66 4
76 68 1
76 69 4
76 72 1
76 73 3
76 87 2
77 4 1
77 9 3
77 21 2
77 26 1
77 31 0
77 63 0
77 64 1
77 65 1
77 83 4
77 93 4
78 18 1
78 28 2
78 50 3
78 51 3
78 58 0
78 63 2
78 64 0
78 71 0
78 82 1
78 89 2
79 3 2
79 8 1
79 9 1
79 32 0
79 43 3
79 47 0
79 51 2
79 62 4
79 70 4
79 85 2
80 10 4
80 27 1
80 38 0
80 46 1
80 67 2
80 69 2
80 70 3
80 93 1
80 94 2
80 97 4
81 9 3
81 18 3
81 19 3
81 24 0
81 26 3
81 38 2
81 45 4
81 55 0
81 59 1
81 69 2
82 8 4
82 11 0
82 16 0
82 17 0
82 27 0
82 29 4
82 55 0
82 58 3
82 82 3
82 86 0
83 11 3
83 15 4
83 23 1
83 27 0
83 28 1
83 36 3
83 38 3
83 39 4
83 68 3
83 91 2
84 9 0
84 11 0
84 25 0
84 69 1
84 70 0
84 83 3
84 87 2
84 93 1
84 95 3
84 96 4
85 26 2
85 28 1
85 31 3
85 34 3
85 39 4
85 41 1
85 51 0
85 64 0
85 72 0
85 86 2
86 34 2
86 48 0
86 53 0
86 56 4
86 58 2
86 61 0
86 66 4
86 74 4
86 94 0
86 96 3
87 0 1
87 4 3
87 13 3
87 22 0
87 26 2
87 39 1
87 48 0
87 62 2
87 75 4
87 88 2
88 31 3
88 38 1
88 52 0
88 54 2
88 56 1
88 62 2
88 66 1
88 68 0
88 95 4
88 99 2
89 14 2
89 22 4
89 48 0
89 57 0
89 61 2
89 69 1
89 72 4
89 74 0
89 77 1
89 84 3
90 7 0
90 11 2
90 24 1
90 33 2
90 42 4
90 62 2
90 80 0
90 87 3
90 94 2
90 98 0
91 3 3
91 10 0
91 14 4
91 18 2
91 23 3
91 38 2
91 50 4
91 70 0
91 78 2
91 99 4
92 1 0
92 6 4
92 7 2
92 12 1
92 26 0
92 40 0
92 54 1
92 56 0
92 63 0
92 79 1
93 1 2
93 8 3
93 10 3
93 23 4
93 27 3
93 47 0
93 64 0
93 67 3
93 88 2
93 92 4
94 0 0
94 18 3
94 30 2
94 35 4
94 43 1
94 52 1
94 61 3
94 64 0
94 82 3
94 88 4
95 15 2
95 17 3
95 20 1
95 45 1
95 56 1
95 57 0
95 58 0
95 61 3
95 73 0
95 90 3
96 14 4
96 15 0
96 21 1
96 33 1
96 40 2
96 44 2
96 62 3
96 68 2
96 77 0
96 84 2
97 10 0
97 13 1
97 18 2
97 26 2
97 30 4
97 32 1
97 33 3
97 43 0
97 52 3
97 76 2
98 3 1
98 6 2
98 24 3
98 31 2
98 52 0
98 63 0
98 84 4
98 94 2
98 96 3
98 97 0
99 0 1
99 8 2
99 26 0
99 61 3
99 66 4
99 67 2
99 76 1
99 84 2
99 86 1
99 89 3
