100
100
3000 3000 3000 3000 3000 3000 3000 3000 3000 3000 3000 3000 3000 3000 3000 3000 3000 3000 3000 3000 3000 3000 3000 3000 3000 3000 3000 3000 3000 3000 3000 3000 3000 3000 3000 3000 3000 3000 3000 3000 3000 3000 3000 3000 3000 3000 3000 3000 3000 3000 3000 3000 3000 3000 3000 3000 3000 3000 3000 3000 3000 3000 3000 3000 3000 3000 3000 3000 3000 3000 3000 3000 3000 3000 3000 3000 3000 3000 3000 3000 3000 3000 3000 3000 3000 3000 3000 3000 3000 3000 3000 3000 3000 3000 3000 3000 3000 3000 3000 3000
0 2 0
0 21 1
0 22 4
0 25 3
0 27 2
0 32 4
0 35 0
0 36 1
0 56 3
0 65 2
1 5 0
1 8 4
1 13 2
1 15 0
1 21 0
1 30 0
1 50 3
1 62 2
1 80 1
1 84 4
2 4 0
2 15 4
2 17 1
2 30 3
2 33 2
2 54 4
2 72 4
2 76 4
2 87 3
2 91 0
3 2 1
3 21 4
3 29 0
3 36 0
3 38 0
3 40 4
3 49 3
3 53 1
3 59 3
3 64 3
4 17 0
4 33 4
4 35 3
4 42 3
4 46 1
4 59 3
4 62 1
4 65 4
4 71 3
4 82 3
5 1 3
5 13 1
5 23 2
5 29 4
5 36 1
5 39 3
5 47 1
5 50 3
5 52 2
5 59 0
6 1 4
6 5 2
6 13 0
6 40 4
6 48 0
6 55 0
6 56 4
6 72 4
6 75 2
6 99 1
7 7 1
7 17 4
7 35 1
7 42 3
7 57 2
7 74 1
7 77 1
7 81 4
7 82 1
7 84 2
8 28 4
8 41 0
8 47 4
8 72 2
8 83 0
8 89 3
8 91 2
8 93 0
8 94 1
8 96 1
9 2 4
9 8 1
9 25 1
9 31 3
9 38 3
9 47 0
9 67 4
9 73 4
9 84 3
9 96 0
10 10 1
10 11 3
10 12 4
10 36 1
10 46 3
10 55 1
10 73 1
10 79 3
10 86 4
10 96 2
11 16 1
11 21 1
11 27 3
11 42 3
11 44 2
11 60 4
11 61 0
11 75 4
11 87 3
11 90 3
12 14 3
12 15 1
12 23 3
12 27 4
12 30 4
12 38 4
12 63 1
12 69 4
12 73 3
12 80 4
13 27 3
13 34 2
13 35 4
13 44 3
13 45 2
13 56 2
13 59 3
13 71 3
13 82 0
13 98 0
14 26 3
14 35 0
14 36 2
14 44 2
14 52 2
14 57 2
14 61 4
14 77 4
14 81 1
14 93 3
15 17 0
15 19 0
15 21 1
15 23 3
15 27 3
15 35 3
15 43 0
15 70 4
15 78 3
15 92 0
16 5 2
16 28 0
16 36 0
16 44 1
16 58 2
16 69 0
16 84 4
16 89 1
16 91 3
16 98 2
17 1 0
17 7 0
17 9 2
17 11 4
17 18 1
17 25 0
17 27 2
17 28 2
17 58 2
17 79 2
18 8 0
18 19 1
18 21 2
18 22 3
18 67 1
18 76 4
18 77 4
18 88 4
18 89 0
18 97 0
19 2 4
19 16 4
19 27 3
19 30 3
19 51 4
19 64 4
19 80 2
19 81 4
19 84 0
19 97 0
20 16 1
20 27 4
20 28 3
20 31 3
20 45 4
20 57 2
20 62 3
20 64 3
20 84 2
20 98 0
21 1 1
21 33 4
21 35 4
21 38 2
21 53 3
21 58 3
21 63 2
21 65 2
21 69 0
21 98 1
22 9 3
22 19 0
22 52 1
22 54 0
22 61 1
22 66 2
22 68 1
22 77 3
22 89 4
22 91 0
23 18 4
23 41 4
23 43 2
23 49 4
23 51 0
23 53 2
23 65 4
23 66 2
23 85 1
23 91 0
24 0 4
24 11 2
24 32 1
24 35 1
24 49 2
24 50 1
24 51 1
24 68 1
24 80 0
24 99 3
25 11 4
25 13 3
25 30 1
25 31 1
25 45 4
25 55 3
25 66 0
25 73 4
25 76 4
25 87 0
26 3 0
26 5 2
26 9 0
26 27 3
26 47 1
26 63 4
26 67 1
26 75 2
26 88 0
26 97 2
27 8 3
27 9 2
27 32 2
27 34 3
27 43 1
27 47 3
27 49 2
27 66 4
27 82 4
27 87 0
28 16 2
28 40 2
28 60 0
28 61 1
28 67 1
28 72 4
28 78 3
28 80 4
28 82 0
28 99 4
29 21 3
29 37 0
29 58 4
29 61 1
29 66 0
29 72 3
29 81 3
29 82 4
29 84 2
29 98 3
30 4 0
30 14 2
30 17 1
30 20 4
30 28 2
30 52 2
30 55 4
30 64 0
30 67 4
30 99 0
31 0 1
31 2 2
31 14 4
31 25 1
31 31 0
31 36 0
31 41 1
31 63 3
31 67 2
31 82 4
32 19 1
32 21 4
32 22 2
32 33 3
32 42 2
32 43 3
32 47 4
32 49 3
32 66 2
32 70 1
33 4 1
33 25 3
33 57 0
33 64 3
33 72 3
33 79 2
33 82 3
33 84 0
33 87 3
33 91 1
34 22 0
34 31 2
34 32 2
34 48 0
34 51 2
34 57 2
34 59 1
34 74 1
34 83 2
34 89 4
35 11 1
35 20 2
35 27 2
35 36 2
35 43 3
35 45 3
35 56 2
35 74 1
35 75 2
35 88 1
36 4 2
36 9 0
36 51 4
36 54 0
36 71 3
36 72 4
36 73 2
36 75 1
36 81 0
36 92 3
37 9 4
37 35 3
37 38 3
37 43 1
37 60 0
37 75 4
37 80 0
37 86 2
37 90 3
37 95 3
38 4 3
38 22 1
38 28 2
38 34 2
38 38 2
38 56 3
38 86 2
38 89 1
38 96 2
38 99 4
39 1 1
39 4 3
39 18 0
39 21 2
39 23 0
39 28 0
39 34 3
39 56 1
39 64 0
39 79 0
40 1 0
40 42 3
40 46 2
40 49 3
40 59 1
40 63 3
40 64 0
40 70 2
40 71 2
40 77 3
41 1 0
41 4 1
41 6 0
41 21 1
41 23 0
41 60 2
41 67 2
41 72 1
41 80 4
41 87 2
42 6 3
42 11 2
42 18 1
42 27 0
42 46 3
42 63 4
42 69 3
42 85 1
42 95 4
42 99 3
43 19 0
43 21 4
43 23 0
43 29 4
43 43 1
43 48 1
43 53 2
43 69 3
43 92 0
43 94 2
44 2 2
44 3 2
44 15 3
44 18 3
44 19 4
44 43 4
44 50 1
44 62 2
44 85 0
44 97 3
45 6 0
45 16 3
45 18 0
45 60 4
45 68 2
45 73 1
45 79 4
45 83 2
45 86 3
45 91 0
46 3 0
46 13 4
46 25 0
46 36 2
46 54 2
46 75 0
46 78 2
46 84 2
46 87 3
46 96 1
47 5 4
47 9 1
47 10 3
47 12 1
47 32 3
47 41 2
47 55 1
47 62 3
47 73 0
47 95 2
48 8 1
48 15 4
48 32 4
48 41 3
48 51 1
48 54 1
48 60 3
48 73 3
48 90 2
48 92 0
49 4 2
49 5 2
49 10 1
49 40 0
49 50 3
49 68 2
49 70 4
49 89 3
49 92 3
49 94 0
50 6 2
50 7 2
50 13 3
50 24 4
50 42 1
50 70 1
50 75 4
50 89 0
50 96 0
50 98 1
51 1 3
51 14 0
51 30 4
51 39 3
51 40 0
51 55 1
51 60 4
51 72 2
51 83 4
51 89 3
52 0 4
52 17 4
52 38 0
52 48 4
52 63 3
52 65 4
52 68 1
52 77 4
52 82 3
52 94 2
53 8 0
53 12 1
53 45 0
53 58 0
53 65 1
53 67 2
53 78 3
53 81 2
53 82 1
53 96 1
54 2 1
54 31 1
54 44 0
54 46 3
54 61 0
54 77 0
54 82 1
54 86 3
54 96 3
54 98 1
55 4 0
55 7 4
55 9 3
55 26 1
55 32 3
55 66 3
55 91 3
55 92 1
55 94 2
55 96 0
56 1 3
56 5 0
56 26 1
56 48 3
56 52 1
56 71 3
56 73 0
56 76 0
56 88 2
56 98 3
57 1 1
57 2 1
57 28 1
57 33 4
57 47 2
57 56 0
57 74 0
57 76 0
57 94 2
57 97 0
58 8 4
58 28 2
58 34 3
58 43 3
58 71 1
58 78 4
58 82 1
58 83 0
58 89 2
58 99 4
59 8 0
59 18 0
59 19 4
59 21 2
59 56 2
59 65 0
59 76 4
59 82 0
59 83 4
59 86 1
60 8 1
60 16 1
60 20 2
60 21 4
60 29 2
60 48 3
60 63 3
60 65 0
60 73 1
60 83 2
61 1 1
61 21 1
61 25 4
61 29 3
61 43 1
61 78 2
61 85 1
61 88 4
61 89 0
61 90 3
62 3 2
62 19 4
62 29 0
62 42 4
62 43 0
62 57 3
62 72 4
62 74 4
62 77 0
62 83 0
63 16 2
63 21 0
63 27 1
63 33 4
63 36 1
63 50 3
63 70 1
63 79 0
63 83 0
63 96 2
64 5 2
64 31 0
64 32 0
64 49 0
64 51 0
64 63 3
64 69 3
64 70 0
64 83 4
64 90 2
65 1 4
65 13 1
65 20 4
65 27 2
65 41 0
65 56 0
65 61 0
65 74 3
65 76 3
65 78 1
66 8 1
66 10 3
66 27 3
66 32 2
66 54 3
66 64 0
66 72 0
66 85 3
66 88 1
66 96 1
67 0 0
67 13 4
67 24 0
67 28 0
67 45 1
67 58 4
67 64 4
67 77 2
67 80 2
67 92 2
68 4 0
68 12 3
68 18 3
68 34 1
68 62 1
68 66 0
68 70 4
68 75 2
68 81 4
68 94 3
69 2 3
69 4 3
69 14 2
69 18 3
69 23 0
69 25 0
69 49 4
69 56 0
69 62 3
69 95 1
70 5 3
70 19 2
70 34 0
70 39 0
70 40 1
70 47 1
70 49 3
70 60 3
70 82 1
70 91 0
71 3 2
71 14 2
71 27 1
71 28 0
71 44 4
71 56 2
71 59 1
71 87 4
71 89 2
71 93 2
72 18 3
72 23 3
72 24 3
72 33 4
72 44 1
72 46 1
72 50 2
72 71 0
72 83 1
72 96 1
73 4 4
73 11 0
73 22 3
73 32 3
73 33 0
73 53 0
73 55 4
73 72 0
73 89 1
73 94 3
74 2 0
74 13 3
74 21 2
74 23 1
74 34 2
74 46 3
74 58 4
74 61 2
74 87 4
74 99 3
75 0 0
75 9 2
75 25 4
75 41 4
75 44 4
75 47 0
75 56 1
75 65 2
75 80 1
75 88 3
76 12 3
76 19 2
76 31 4
76 55 4
76 64 1
76 65 2
76 66 4
76 67 2
76 76 1
76 88 4
77 6 0
77 27 0
77 31 1
77 54 2
77 55 0
77 62 4
77 79 1
77 80 4
77 88 2
77 96 2
78 4 2
78 14 3
78 20 4
78 22 1
78 54 4
78 57 4
78 82 0
78 91 2
78 95 4
78 97 2
79 36 0
79 49 2
79 52 3
79 54 2
79 58 3
79 62 3
79 70 4
79 76 3
79 80 4
79 96 0
80 10 0
80 11 1
80 29 3
80 73 3
80 78 0
80 80 4
80 85 4
80 86 2
80 88 2
80 92 0
81 14 4
81 17 2
81 22 4
81 33 4
81 36 1
81 39 2
81 58 2
81 74 2
81 92 1
81 95 3
82 17 2
82 22 4
82 27 0
82 31 3
82 38 3
82 48 3
82 56 3
82 80 2
82 87 1
82 93 1
83 1 2
83 4 3
83 10 2
83 17 3
83 30 1
83 46 1
83 71 1
83 74 4
83 76 0
83 90 3
84 14 4
84 15 4
84 19 1
84 36 2
84 43 0
84 66 0
84 67 3
84 72 2
84 76 4
84 78 3
85 31 1
85 52 0
85 58 2
85 70 0
85 77 2
85 81 0
85 87 0
85 89 3
85 96 2
85 99 4
86 7 3
86 42 2
86 49 2
86 50 4
86 52 4
86 55 1
86 59 2
86 62 4
86 83 2
86 95 0
87 0 0
87 11 3
87 32 4
87 35 3
87 41 2
87 43 2
87 62 1
87 84 0
87 92 2
87 98 3
88 12 0
88 24 2
88 33 2
88 37 3
88 54 4
88 56 0
88 59 1
88 61 0
88 62 0
88 72 1
89 2 0
89 16 3
89 22 1
89 34 0
89 51 4
89 52 2
89 81 1
89 82 3
89 87 2
89 91 0
90 15 4
90 28 4
90 32 1
90 34 0
90 35 1
90 42 0
90 52 1
90 55 0
90 70 1
90 77 4
91 1 4
91 11 4
91 22 4
91 27 3
91 68 3
91 79 2
91 81 3
91 91 1
91 96 1
91 98 0
92 17 4
92 22 3
92 33 4
92 47 4
92 50 3
92 62 4
92 69 4
92 84 3
92 88 3
92 97 3
93 3 2
93 10 0
93 45 3
93 52 3
93 56 4
93 58 4
93 62 4
93 73 2
93 74 4
93 86 2
94 20 0
94 23 2
94 31 1
94 35 4
94 41 0
94 55 3
94 71 2
94 79 2
94 83 3
94 93 1
95 3 1
95 5 1
95 21 3
95 41 0
95 48 2
95 57 3
95 62 0
95 63 3
95 73 0
95 82 0
96 19 2
96 21 1
96 25 1
96 28 3
96 33 0
96 54 2
96 62 3
96 84 0
96 96 3
96 97 4
97 2 3
97 4 4
97 8 4
97 35 4
97 39 3
97 46 0
97 63 0
97 64 3
97 82 2
97 98 2
98 19 2
98 21 3
98 33 0
98 42 1
98 54 2
98 60 3
98 70 0
98 71 3
98 75 4
98 89 0
99 10 2
99 12 2
99 31 4
99 43 3
99 48 1
99 54 0
99 69 4
99 79 1
99 81 1
99 85 1
