100
100
3000 3000 3000 3000 3000 3000 3000 3000 3000 3000 3000 3000 3000 3000 3000 3000 3000 3000 3000 3000 3000 3000 3000 3000 3000 3000 3000 3000 3000 3000 3000 3000 3000 3000 3000 3000 3000 3000 3000 3000 3000 3000 3000 3000 3000 3000 3000 3000 3000 3000 3000 3000 3000 3000 3000 3000 3000 3000 3000 3000 3000 3000 3000 3000 3000 3000 3000 3000 3000 3000 3000 3000 3000 3000 3000 3000 3000 3000 3000 3000 3000 3000 3000 3000 3000 3000 3000 3000 3000 3000 3000 3000 3000 3000 3000 3000 3000 3000 3000 3000
0 0 1
0 5 1
0 7 0
0 11 1
0 14 3
0 22 3
0 42 0
0 54 1
0 79 3
0 91 4
1 9 2
1 17 0
1 22 4
1 32 4
1 37 3
1 53 4
1 54 2
1 59 0
1 77 4
1 90 1
2 10 2
2 25 4
2 38 4
2 39 2
2 54 3
2 56 0
2 62 2
2 76 3
2 81 2
2 88 0
3 3 0
3 22 4
3 26 2
3 30 0
3 31 1
3 44 1
3 45 4
3 52 3
3 79 1
3 90 4
4 8 4
4 12 3
4 35 4
4 40 4
4 45 4
4 47 1
4 54 1
4 69 0
4 92 1
4 95 3
5 12 3
5 16 2
5 20 3
5 21 1
5 25 4
5 41 2
5 66 1
5 80 0
5 98 0
5 99 4
6 14 1
6 15 3
6 35 4
6 43 2
6 44 4
6 62 1
6 63 0
6 64 2
6 80 3
6 94 1
7 23 2
7 36 3
7 41 3
7 43 3
7 50 0
7 51 1
7 52 2
7 73 0
7 83 1
7 98 3
8 2 3
8 7 3
8 16 3
8 20 1
8 41 2
8 50 1
8 55 2
8 66 0
8 85 0
8 95 4
9 6 4
9 9 2
9 11 1
9 16 1
9 23 0
9 32 4
9 41 2
9 59 4
9 79 2
9 91 4
10 17 1
10 34 1
10 41 1
10 51 0
10 56 2
10 61 3
10 63 3
10 75 3
10 79 4
10 90 4
11 2 4
11 8 3
11 9 3
11 18 4
11 33 1
11 66 2
11 71 4
11 74 2
11 76 0
11 80 4
12 19 0
12 27 4
12 43 2
12 44 0
12 52 4
12 58 0
12 67 3
12 78 4
12 82 4
12 87 1
13 4 0
13 9 2
13 44 0
13 46 1
13 55 2
13 62 2
13 69 2
13 72 1
13 88 3
13 96 2
14 3 0
14 14 3
14 16 1
14 29 2
14 30 1
14 31 0
14 42 0
14 63 4
14 65 4
14 71 0
15 1 0
15 28 4
15 33 2
15 36 3
15 39 0
15 71 4
15 82 1
15 85 0
15 87 0
15 93 4
16 2 1
16 3 0
16 9 2
16 22 3
16 36 0
16 42 4
16 53 1
16 72 2
16 88 4
16 92 0
17 1 0
17 17 4
17 38 1
17 52 3
17 53 4
17 54 2
17 55 2
17 64 1
17 66 3
17 99 0
18 3 4
18 13 2
18 24 2
18 41 0
18 57 0
18 59 1
18 60 4
18 61 4
18 82 2
18 86 3
19 25 1
19 27 2
19 32 0
19 36 2
19 47 4
19 52 2
19 58 3
19 63 3
19 74 1
19 99 0
20 6 1
20 18 0
20 36 1
20 39 4
20 49 3
20 56 3
20 58 0
20 62 1
20 63 0
20 68 3
21 1 4
21 2 2
21 13 3
21 20 1
21 35 1
21 43 4
21 49 1
21 70 2
21 86 0
21 90 4
22 5 2
22 30 3
22 46 2
22 47 3
22 49 3
22 69 3
22 81 1
22 91 2
22 94 4
22 97 3
23 0 4
23 5 3
23 16 0
23 17 1
23 56 1
23 70 0
23 72 2
23 76 4
23 82 1
23 93 3
24 6 4
24 9 4
24 12 1
24 14 2
24 41 4
24 57 2
24 61 3
24 65 0
24 81 1
24 85 4
25 1 1
25 10 2
25 20 4
25 29 1
25 31 2
25 60 3
25 76 2
25 77 0
25 84 2
25 97 1
26 22 1
26 38 3
26 45 1
26 46 1
26 49 2
26 69 4
26 73 2
26 78 3
26 88 1
26 93 1
27 7 3
27 12 1
27 14 1
27 30 3
27 56 3
27 67 3
27 69 2
27 72 2
27 74 4
27 79 0
28 3 4
28 11 0
28 25 2
28 26 1
28 27 0
28 33 0
28 37 4
28 83 1
28 87 3
28 99 0
29 7 2
29 10 1
29 13 1
29 21 1
29 26 1
29 27 3
29 29 2
29 36 1
29 40 4
29 45 2
30 1 1
30 11 3
30 24 4
30 31 1
30 36 2
30 49 4
30 58 4
30 59 1
30 64 2
30 93 2
31 32 4
31 34 3
31 42 1
31 67 3
31 75 1
31 77 1
31 82 4
31 86 4
31 91 4
31 98 3
32 0 0
32 20 2
32 25 3
32 36 2
32 47 4
32 60 2
32 75 3
32 76 0
32 86 4
32 90 2
33 11 1
33 17 4
33 45 0
33 56 1
33 59 0
33 83 4
33 86 4
33 90 3
33 93 0
33 99 2
34 6 1
34 12 1
34 16 0
34 22 4
34 30 4
34 37 3
34 61 3
34 69 0
34 77 4
34 99 1
35 0 0
35 2 4
35 6 0
35 9 0
35 22 1
35 76 0
35 80 3
35 86 2
35 87 1
35 96 3
36 0 1
36 31 4
36 43 0
36 45 3
36 50 3
36 55 1
36 72 3
36 83 2
36 86 3
36 92 0
37 2 0
37 12 4
37 21 2
37 35 0
37 36 2
37 38 1
37 70 0
37 91 4
37 94 0
37 96 0
38 7 3
38 8 4
38 12 3
38 30 1
38 33 2
38 34 0
38 43 1
38 71 0
38 76 1
38 94 2
39 2 3
39 21 3
39 34 4
39 41 3
39 56 2
39 68 0
39 75 0
39 76 1
39 86 3
39 92 3
40 1 1
40 37 3
40 40 2
40 43 2
40 44 4
40 52 1
40 71 2
40 75 2
40 90 1
40 96 0
41 3 2
41 13 2
41 51 2
41 56 2
41 63 1
41 64 2
41 74 0
41 83 4
41 86 3
41 96 2
42 2 1
42 14 4
42 25 4
42 33 2
42 34 1
42 36 3
42 42 4
42 50 1
42 85 4
42 92 1
43 0 0
43 16 2
43 29 1
43 42 2
43 50 0
43 76 3
43 77 4
43 90 4
43 96 3
43 97 3
44 17 0
44 34 4
44 48 3
44 53 0
44 55 2
44 64 0
44 65 1
44 77 3
44 86 2
44 98 4
45 16 0
45 29 0
45 37 3
45 43 2
45 53 2
45 57 2
45 61 0
45 92 4
45 98 4
45 99 3
46 8 4
46 11 1
46 41 2
46 50 4
46 51 0
46 70 0
46 71 3
46 83 3
46 86 0
46 89 0
47 17 4
47 20 1
47 40 1
47 52 4
47 55 1
47 61 1
47 65 4
47 83 2
47 90 1
47 99 1
48 0 4
48 24 4
48 29 2
48 44 4
48 53 2
48 59 2
48 64 3
48 75 1
48 77 1
48 91 1
49 12 4
49 15 0
49 39 2
49 44 4
49 46 4
49 55 2
49 61 2
49 63 4
49 74 0
49 99 1
50 1 1
50 8 0
50 16 3
50 35 4
50 39 1
50 46 2
50 48 2
50 51 2
50 54 0
50 72 2
51 22 2
51 34 4
51 46 3
51 56 4
51 58 0
51 59 3
51 69 3
51 70 3
51 79 2
51 83 3
52 4 1
52 6 3
52 16 0
52 50 1
52 52 4
52 61 0
52 67 2
52 68 3
52 89 0
52 95 2
53 12 0
53 20 4
53 22 2
53 24 2
53 28 4
53 32 0
53 64 4
53 83 2
53 87 1
53 90 3
54 4 3
54 13 3
54 17 2
54 37 2
54 49 1
54 57 3
54 66 0
54 83 1
54 84 2
54 86 0
55 2 0
55 5 3
55 9 1
55 14 2
55 28 1
55 60 4
55 88 2
55 89 4
55 90 0
55 95 4
56 4 1
56 16 1
56 33 3
56 40 1
56 54 1
56 58 1
56 69 4
56 73 1
56 95 1
56 97 4
57 3 2
57 24 1
57 33 3
57 37 1
57 38 4
57 52 1
57 53 3
57 65 0
57 67 2
57 83 1
58 3 1
58 4 0
58 18 2
58 39 1
58 50 0
58 59 4
58 70 0
58 75 0
58 76 3
58 84 3
59 1 3
59 4 3
59 8 4
59 37 0
59 47 4
59 53 2
59 71 2
59 78 0
59 93 1
59 96 1
60 3 0
60 4 0
60 22 1
60 37 3
60 42 0
60 46 4
60 48 3
60 61 1
60 65 0
60 94 4
61 20 1
61 21 4
61 34 1
61 47 0
61 64 1
61 65 1
61 83 0
61 86 0
61 93 1
61 96 3
62 2 0
62 4 2
62 5 1
62 21 3
62 23 3
62 36 0
62 50 2
62 69 1
62 73 1
62 93 3
63 6 3
63 32 1
63 46 4
63 53 0
63 65 1
63 73 1
63 79 1
63 87 0
63 91 1
63 95 0
64 4 2
64 30 4
64 46 3
64 57 3
64 61 2
64 70 0
64 76 4
64 86 4
64 87 0
64 90 3
65 3 3
65 4 0
65 24 0
65 30 4
65 39 0
65 41 1
65 60 3
65 64 3
65 79 4
65 93 4
66 4 1
66 10 3
66 49 4
66 55 0
66 57 0
66 63 2
66 72 2
66 74 3
66 82 4
66 96 4
67 0 2
67 3 4
67 34 4
67 38 2
67 42 1
67 52 0
67 62 2
67 67 3
67 77 3
67 92 3
68 2 3
68 4 0
68 14 4
68 18 0
68 20 4
68 29 2
68 57 0
68 66 0
68 77 1
68 94 1
69 31 0
69 34 1
69 36 4
69 44 1
69 63 2
69 75 4
69 78 2
69 85 2
69 93 3
69 95 0
70 1 3
70 2 4
70 19 2
70 22 3
70 33 0
70 35 4
70 56 0
70 80 4
70 85 2
70 89 4
71 18 3
71 22 3
71 34 4
71 68 3
71 71 3
71 72 0
71 79 4
71 85 1
71 94 0
71 95 4
72 2 4
72 12 2
72 17 1
72 25 4
72 29 3
72 36 1
72 42 0
72 49 2
72 62 3
72 77 0
73 0 1
73 35 1
73 38 1
73 52 3
73 64 0
73 76 1
73 79 3
73 80 3
73 83 4
73 85 2
74 10 2
74 26 4
74 39 2
74 44 4
74 63 0
74 73 1
74 76 1
74 77 0
74 92 2
74 95 4
75 12 4
75 16 4
75 31 1
75 40 1
75 57 0
75 63 0
75 79 4
75 85 3
75 87 0
75 98 1
76 7 0
76 8 4
76 12 1
76 27 0
76 51 4
76 55 2
76 72 4
76 79 1
76 83 2
76 87 3
77 12 2
77 13 1
77 58 4
77 70 3
77 72 1
77 75 3
77 78 3
77 79 3
77 82 4
77 97 1
78 5 1
78 24 4
78 39 2
78 41 4
78 45 3
78 57 4
78 68 0
78 81 0
78 85 3
78 90 2
79 0 2
79 5 0
79 32 0
79 53 3
79 54 3
79 64 3
79 68 4
79 92 0
79 94 3
79 96 3
80 3 2
80 7 4
80 15 1
80 16 4
80 36 4
80 40 1
80 42 4
80 62 1
80 63 1
80 75 3
81 0 2
81 20 4
81 42 1
81 44 3
81 63 0
81 69 0
81 80 2
81 82 2
81 91 0
81 94 3
82 0 2
82 4 2
82 7 4
82 26 2
82 50 2
82 59 0
82 60 3
82 79 4
82 81 2
82 87 1
83 22 1
83 26 0
83 34 2
83 68 2
83 78 0
83 81 3
83 87 3
83 93 3
83 95 2
83 98 4
84 4 0
84 16 3
84 19 2
84 27 4
84 39 3
84 59 1
84 65 3
84 79 2
84 82 2
84 93 1
85 5 1
85 13 0
85 18 3
85 23 3
85 24 4
85 26 2
85 28 0
85 33 0
85 67 3
85 87 2
86 0 1
86 4 4
86 11 0
86 12 2
86 42 0
86 63 2
86 68 0
86 90 0
86 92 0
86 96 4
87 9 3
87 18 2
87 24 1
87 34 0
87 39 2
87 59 3
87 63 1
87 65 3
87 85 3
87 93 0
88 2 4
88 6 1
88 28 1
88 37 0
88 39 0
88 46 4
88 53 3
88 71 2
88 76 0
88 95 1
89 4 3
89 17 2
89 27 4
89 35 0
89 48 1
89 52 3
89 59 4
89 63 2
89 64 4
89 89 0
90 0 4
90 2 2
90 10 1
90 16 2
90 48 0
90 50 1
90 53 1
90 58 1
90 85 0
90 91 0
91 2 0
91 5 3
91 18 1
91 27 4
91 30 3
91 37 0
91 38 1
91 48 3
91 57 3
91 93 1
92 1 0
92 5 2
92 22 3
92 36 2
92 43 2
92 58 2
92 67 2
92 73 0
92 91 2
92 94 3
93 23 2
93 33 2
93 45 4
93 48 2
93 50 0
93 64 3
93 65 2
93 71 2
93 84 4
93 90 2
94 9 2
94 32 1
94 36 4
94 59 2
94 66 2
94 68 3
94 77 1
94 82 1
94 90 4
94 93 2
95 1 2
95 12 2
95 30 2
95 32 1
95 46 3
95 51 2
95 67 3
95 68 2
95 85 1
95 92 0
96 8 2
96 19 4
96 42 3
96 44 0
96 53 1
96 58 0
96 65 4
96 73 2
96 82 2
96 95 0
97 2 4
97 9 3
97 33 2
97 49 3
97 54 4
97 59 0
97 83 2
97 85 3
97 92 4
97 99 2
98 3 2
98 35 1
98 48 3
98 53 3
98 61 2
98 75 4
98 84 2
98 94 0
98 95 2
98 99 4
99 3 2
99 6 2
99 11 4
99 37 4
99 46 1
99 63 0
99 64 1
99 82 2
99 87 2
99 99 1
