100
100
3000 3000 3000 3000 3000 3000 3000 3000 3000 3000 3000 3000 3000 3000 3000 3000 3000 3000 3000 3000 3000 3000 3000 3000 3000 3000 3000 3000 3000 3000 3000 3000 3000 3000 3000 3000 3000 3000 3000 3000 3000 3000 3000 3000 3000 3000 3000 3000 3000 3000 3000 3000 3000 3000 3000 3000 3000 3000 3000 3000 3000 3000 3000 3000 3000 3000 3000 3000 3000 3000 3000 3000 3000 3000 3000 3000 3000 3000 3000 3000 3000 3000 3000 3000 3000 3000 3000 3000 3000 3000 3000 3000 3000 3000 3000 3000 3000 3000 3000 3000
0 1 4
0 22 0
0 38 4
0 41 4
0 52 4
0 64 3
0 73 4
0 74 3
0 78 2
0 93 3
1 6 1
1 15 0
1 26 1
1 27 3
1 52 1
1 64 0
1 75 4
1 78 1
1 85 2
1 96 4
2 10 4
2 25 1
2 27 3
2 48 3
2 65 0
2 68 0
2 73 1
2 78 0
2 82 0
2 93 3
3 20 2
3 41 4
3 49 4
3 56 2
3 65 0
3 72 4
3 81 0
3 90 4
3 98 0
3 99 4
4 4 0
4 8 1
4 13 3
4 27 1
4 39 1
4 40 2
4 54 1
4 69 0
4 78 0
4 88 4
5 5 3
5 15 0
5 37 3
5 39 4
5 46 0
5 51 1
5 53 0
5 61 4
5 74 2
5 77 2
6 0 0
6 2 2
6 5 4
6 23 1
6 31 0
6 58 2
6 60 2
6 78 1
6 90 1
6 92 2
7 2 1
7 4 4
7 12 4
7 18 3
7 20 1
7 23 1
7 44 3
7 53 0
7 57 1
7 94 0
8 0 2
8 2 1
8 4 3
8 18 2
8 24 0
8 31 4
8 47 2
8 53 2
8 57 3
8 72 1
9 0 0
9 9 4
9 10 4
9 13 4
9 15 3
9 28 2
9 45 2
9 54 1
9 64 1
9 89 3
10 3 4
10 5 0
10 8 3
10 10 2
10 13 0
10 26 1
10 39 1
10 52 4
10 86 2
10 93 2
11 8 1
11 50 0
11 53 2
11 55 2
11 62 4
11 66 2
11 68 0
11 69 1
11 77 1
11 83 4
12 4 1
12 7 1
12 34 0
12 41 4
12 51 1
12 61 0
12 65 2
12 69 1
12 78 3
12 81 2
13 3 0
13 25 2
13 29 4
13 41 1
13 60 4
13 75 2
13 85 3
13 88 1
13 90 4
13 91 0
14 11 2
14 13 1
14 39 2
14 48 1
14 58 4
14 62 2
14 63 1
14 73 1
14 75 0
14 96 0
15 1 4
15 5 3
15 19 3
15 32 1
15 50 4
15 52 3
15 55 3
15 63 2
15 71 0
15 93 4
16 6 0
16 9 0
16 10 1
16 15 1
16 52 1
16 60 0
16 70 4
16 76 0
16 82 0
16 90 1
17 20 3
17 31 1
17 37 2
17 65 4
17 73 4
17 76 3
17 77 1
17 78 3
17 81 3
17 85 2
18 10 1
18 14 2
18 28 1
18 43 3
18 46 1
18 50 0
18 70 1
18 74 3
18 86 0
18 96 2
19 12 2
19 33 1
19 37 0
19 56 1
19 59 3
19 60 3
19 62 4
19 68 4
19 75 3
19 95 3
20 14 1
20 16 3
20 21 2
20 30 4
20 32 0
20 41 4
20 45 0
20 65 1
20 86 2
20 89 0
21 9 1
21 25 2
21 34 3
21 42 0
21 59 3
21 60 0
21 68 1
21 89 4
21 90 2
21 94 4
22 21 3
22 24 4
22 27 1
22 34 2
22 46 3
22 57 3
22 60 2
22 61 3
22 80 3
22 99 0
23 15 3
23 18 3
23 48 2
23 51 0
23 53 1
23 55 2
23 59 1
23 60 2
23 86 4
23 87 1
24 4 0
24 17 2
24 24 2
24 30 3
24 48 1
24 52 4
24 54 3
24 76 3
24 78 2
24 87 0
25 11 0
25 17 0
25 22 4
25 24 1
25 28 1
25 32 4
25 40 0
25 80 4
25 95 0
25 97 4
26 5 1
26 8 0
26 12 4
26 20 4
26 21 4
26 24 1
26 36 0
26 45 0
26 62 1
26 92 1
27 5 3
27 8 0
27 32 1
27 41 0
27 46 1
27 63 0
27 69 2
27 70 4
27 88 4
27 99 3
28 4 0
28 10 4
28 12 4
28 32 0
28 33 4
28 49 2
28 87 0
28 88 3
28 91 1
28 92 4
29 1 3
29 10 3
29 21 1
29 25 1
29 40 1
29 63 0
29 65 1
29 75 0
29 88 2
29 96 1
30 4 4
30 14 4
30 42 0
30 43 1
30 44 0
30 81 3
30 82 3
30 83 1
30 90 4
30 94 0
31 11 2
31 20 1
31 30 4
31 54 1
31 63 0
31 67 1
31 68 4
31 74 1
31 79 4
31 82 2
32 0 4
32 9 1
32 18 3
32 23 1
32 52 4
32 58 0
32 79 0
32 93 1
32 97 2
32 98 2
33 1 4
33 11 2
33 19 0
33 21 2
33 33 3
33 64 2
33 71 4
33 89 3
33 90 1
33 95 1
34 4 1
34 9 2
34 11 1
34 15 0
34 30 4
34 32 4
34 38 4
34 40 4
34 59 4
34 92 1
35 43 1
35 45 4
35 48 3
35 49 0
35 69 1
35 70 3
35 71 3
35 92 3
35 95 2
35 97 1
36 6 2
36 9 3
36 30 1
36 39 1
36 45 0
36 67 2
36 74 1
36 83 4
36 86 1
36 95 4
37 6 3
37 26 1
37 27 2
37 49 0
37 63 1
37 66 2
37 70 0
37 79 4
37 92 4
37 98 3
38 9 4
38 11 1
38 12 2
38 21 3
38 31 1
38 38 3
38 73 4
38 75 2
38 77 1
38 99 1
39 19 3
39 21 3
39 47 2
39 57 1
39 60 3
39 73 2
39 76 4
39 85 1
39 91 3
39 97 4
40 14 4
40 23 2
40 31 2
40 37 0
40 41 0
40 46 0
40 51 2
40 79 2
40 93 1
40 95 1
41 12 4
41 14 0
41 20 0
41 29 2
41 33 2
41 34 3
41 51 0
41 53 3
41 84 0
41 89 4
42 8 3
42 11 2
42 13 0
42 15 2
42 19 2
42 39 0
42 73 4
42 75 1
42 80 4
42 90 1
43 3 1
43 18 2
43 36 3
43 53 1
43 54 0
43 66 3
43 69 1
43 81 0
43 82 2
43 88 4
44 4 2
44 8 0
44 13 0
44 27 3
44 39 0
44 52 1
44 59 0
44 72 1
44 79 3
44 98 3
45 4 1
45 13 3
45 17 2
45 29 4
45 42 1
45 62 1
45 78 4
45 84 3
45 88 4
45 92 2
46 2 0
46 11 1
46 18 2
46 33 3
46 37 0
46 57 3
46 75 0
46 81 1
46 88 0
46 99 3
47 1 1
47 2 0
47 6 2
47 27 3
47 38 4
47 60 3
47 73 4
47 82 4
47 89 0
47 95 0
48 3 3
48 10 4
48 15 3
48 22 3
48 27 0
48 33 2
48 41 0
48 75 0
48 78 3
48 92 2
49 17 4
49 37 2
49 40 0
49 43 3
49 52 1
49 57 2
49 58 3
49 61 0
49 64 0
49 69 4
50 5 1
50 12 3
50 15 1
50 19 1
50 38 0
50 53 2
50 76 3
50 83 3
50 85 4
50 99 0
51 9 0
51 21 0
51 26 2
51 39 3
51 47 0
51 54 0
51 69 4
51 74 4
51 78 1
51 95 1
52 11 4
52 21 3
52 23 0
52 52 1
52 58 4
52 60 4
52 85 4
52 86 4
52 88 3
52 92 2
53 2 4
53 4 2
53 29 2
53 45 1
53 53 1
53 55 1
53 66 2
53 70 2
53 98 3
53 99 0
54 17 3
54 25 4
54 41 0
54 47 1
54 56 1
54 81 1
54 85 3
54 88 1
54 95 2
54 98 1
55 12 0
55 22 1
55 29 3
55 43 1
55 49 1
55 55 3
55 59 2
55 69 3
55 72 4
55 92 3
56 14 3
56 23 3
56 31 3
56 35 2
56 46 2
56 59 1
56 61 1
56 62 2
56 74 2
56 81 4
57 4 1
57 11 3
57 15 1
57 26 3
57 30 1
57 33 4
57 46 1
57 75 2
57 93 4
57 95 0
58 2 1
58 7 2
58 14 3
58 24 1
58 42 4
58 62 4
58 65 3
58 76 4
58 82 2
58 93 4
59 7 1
59 19 2
59 23 0
59 30 0
59 32 4
59 36 1
59 51 0
59 57 3
59 59 4
59 99 4
60 8 0
60 16 4
60 20 4
60 34 0
60 52 3
60 59 1
60 75 1
60 89 1
60 95 1
60 99 2
61 1 1
61 16 2
61 34 4
61 55 1
61 60 3
61 67 1
61 73 1
61 74 0
61 90 2
61 94 4
62 5 0
62 17 2
62 20 0
62 26 2
62 27 2
62 39 0
62 48 3
62 63 1
62 77 2
62 96 1
63 1 2
63 3 1
63 14 0
63 20 1
63 29 1
63 37 0
63 41 0
63 57 3
63 62 0
63 85 1
64 35 4
64 42 1
64 47 0
64 52 2
64 57 1
64 60 3
64 66 2
64 76 3
64 95 1
64 99 4
65 8 0
65 21 0
65 33 1
65 43 2
65 50 4
65 59 2
65 71 1
65 78 4
65 81 3
65 93 0
66 2 0
66 3 3
66 19 2
66 37 4
66 47 1
66 52 4
66 58 1
66 77 3
66 90 2
66 97 3
67 1 1
67 16 0
67 17 4
67 28 1
67 33 1
67 42 4
67 73 4
67 87 3
67 92 3
67 95 0
68 4 0
68 5 2
68 29 3
68 34 3
68 57 3
68 59 3
68 60 2
68 76 2
68 89 4
68 91 2
69 14 4
69 18 1
69 40 2
69 50 1
69 59 3
69 64 3
69 69 3
69 72 1
69 88 3
69 99 1
70 4 2
70 39 2
70 40 0
70 45 1
70 46 2
70 66 2
70 75 0
70 79 3
70 85 2
70 90 3
71 3 4
71 7 2
71 12 4
71 20 4
71 43 2
71 50 4
71 71 4
71 84 4
71 87 2
71 92 1
72 5 0
72 12 3
72 18 1
72 22 4
72 44 2
72 49 2
72 53 1
72 60 0
72 85 0
72 88 2
73 19 1
73 34 1
73 42 2
73 44 2
73 51 3
73 60 0
73 76 1
73 85 3
73 87 2
73 88 3
74 9 2
74 13 3
74 20 0
74 22 2
74 37 4
74 38 2
74 42 2
74 59 4
74 74 0
74 83 3
75 22 2
75 32 4
75 34 4
75 43 1
75 50 2
75 55 1
75 69 2
75 73 1
75 87 2
75 88 1
76 6 0
76 10 3
76 21 0
76 33 1
76 37 0
76 55 4
76 56 0
76 66 4
76 74 0
76 92 3
77 6 3
77 12 1
77 30 2
77 37 0
77 45 1
77 56 4
77 61 4
77 88 2
77 94 2
77 97 4
78 5 3
78 9 2
78 17 2
78 37 3
78 48 1
78 54 3
78 81 0
78 86 3
78 88 2
78 95 3
79 3 3
79 56 2
79 59 1
79 62 2
79 65 3
79 68 3
79 73 1
79 75 0
79 76 2
79 77 0
80 15 3
80 29 2
80 31 2
80 35 2
80 38 2
80 39 3
80 49 2
80 52 4
80 70 0
80 92 1
81 11 1
81 12 3
81 13 1
81 20 1
81 21 2
81 31 3
81 46 3
81 78 4
81 93 1
81 94 0
82 19 2
82 22 3
82 41 4
82 50 2
82 58 2
82 65 1
82 68 3
82 70 2
82 71 0
82 76 3
83 12 0
83 20 0
83 39 4
83 44 3
83 66 1
83 74 0
83 76 0
83 92 0
83 95 3
83 98 1
84 1 4
84 12 2
84 13 4
84 31 2
84 38 3
84 49 1
84 69 1
84 77 3
84 80 1
84 91 1
85 28 3
85 33 2
85 38 4
85 41 1
85 45 4
85 47 3
85 54 4
85 82 3
85 86 3
85 91 0
86 2 4
86 42 4
86 44 2
86 47 4
86 62 4
86 71 3
86 72 0
86 91 3
86 93 0
86 97 1
87 8 2
87 23 2
87 27 1
87 33 1
87 38 4
87 65 1
87 67 1
87 70 2
87 79 2
87 99 2
88 9 4
88 25 3
88 30 4
88 32 4
88 34 2
88 50 1
88 63 2
88 64 3
88 76 0
88 82 4
89 2 0
89 7 4
89 20 1
89 22 2
89 28 3
89 45 1
89 48 3
89 55 3
89 58 0
89 86 4
90 1 0
90 17 3
90 22 1
90 46 0
90 56 2
90 63 4
90 93 0
90 95 2
90 97 3
90 98 1
91 5 0
91 11 4
91 15 3
91 31 3
91 35 3
91 38 3
91 44 1
91 48 4
91 80 3
91 94 3
92 15 0
92 20 0
92 27 0
92 56 4
92 67 0
92 73 2
92 74 4
92 92 3
92 95 1
92 96 4
93 5 4
93 7 3
93 10 1
93 21 1
93 47 1
93 51 0
93 55 0
93 93 1
93 96 2
93 99 0
94 16 0
94 21 4
94 42 0
94 44 3
94 55 0
94 62 0
94 67 0
94 85 2
94 88 4
94 95 4
95 0 0
95 9 2
95 19 4
95 37 3
95 49 2
95 65 2
95 68 2
95 81 2
95 83 2
95 93 3
96 15 4
96 22 4
96 24 0
96 33 3
96 34 1
96 41 0
96 44 3
96 51 0
96 64 1
96 65 4
97 13 0
97 21 4
97 23 0
97 27 0
97 31 2
97 44 1
97 53 0
97 75 2
97 85 0
97 87 1
98 14 3
98 22 1
98 30 3
98 44 4
98 45 3
98 50 1
98 57 1
98 59 2
98 78 0
98 86 1
99 3 3
99 20 2
99 31 4
99 44 2
99 49 3
99 54 0
99 55 2
99 76 3
99 96 3
99 98 2
