100
100
3000 3000 3000 3000 3000 3000 3000 3000 3000 3000 3000 3000 3000 3000 3000 3000 3000 3000 3000 3000 3000 3000 3000 3000 3000 3000 3000 3000 3000 3000 3000 3000 3000 3000 3000 3000 3000 3000 3000 3000 3000 3000 3000 3000 3000 3000 3000 3000 3000 3000 3000 3000 3000 3000 3000 3000 3000 3000 3000 3000 3000 3000 3000 3000 3000 3000 3000 3000 3000 3000 3000 3000 3000 3000 3000 3000 3000 3000 3000 3000 3000 3000 3000 3000 3000 3000 3000 3000 3000 3000 3000 3000 3000 3000 3000 3000 3000 3000 3000 3000
0 3 0
0 7 4
0 26 1
0 32 4
0 35 4
0 38 2
0 58 1
0 64 2
0 81 3
0 99 2
1 2 3
1 20 2
1 27 4
1 29 0
1 30 4
1 44 3
1 46 1
1 65 1
1 88 4
1 97 0
2 14 0
2 28 4
2 31 0
2 32 4
2 38 1
2 40 3
2 50 3
2 51 1
2 65 0
2 68 4
3 3 0
3 22 2
3 37 4
3 48 2
3 56 3
3 68 3
3 74 0
3 79 2
3 88 2
3 96 2
4 4 4
4 12 2
4 38 2
4 40 0
4 55 1
4 56 3
4 62 0
4 84 0
4 91 2
4 92 1
5 12 2
5 20 1
5 29 0
5 38 2
5 41 4
5 62 4
5 68 0
5 90 3
5 92 0
5 96 4
6 34 3
6 36 0
6 39 4
6 42 0
6 58 2
6 62 0
6 82 1
6 85 2
6 95 2
6 98 3
7 10 4
7 12 2
7 40 3
7 44 2
7 49 4
7 64 3
7 65 3
7 66 1
7 78 1
7 79 2
8 3 1
8 23 0
8 24 1
8 28 0
8 48 2
8 55 4
8 59 0
8 75 0
8 80 4
8 98 4
9 5 2
9 24 0
9 25 0
9 67 3
9 69 1
9 72 4
9 77 4
9 86 1
9 94 3
9 97 4
10 8 0
10 16 0
10 30 3
10 33 2
10 34 2
10 49 2
10 66 1
10 87 2
10 92 0
10 93 3
11 5 0
11 10 4
11 38 3
11 50 0
11 65 2
11 73 0
11 75 3
11 77 1
11 89 0
11 94 1
12 1 0
12 4 1
12 8 0
12 13 1
12 20 3
12 33 4
12 40 4
12 54 2
12 62 4
12 95 2
13 14 1
13 15 3
13 18 2
13 23 3
13 46 3
13 47 0
13 54 3
13 61 1
13 69 3
13 70 2
14 27 3
14 57 0
14 66 1
14 67 4
14 73 2
14 77 3
14 81 4
14 89 0
14 93 0
14 98 3
15 18 3
15 21 1
15 28 3
15 43 1
15 55 0
15 62 0
15 75 2
15 80 0
15 91 4
15 94 3
16 0 2
16 2 0
16 7 1
16 15 4
16 23 1
16 41 1
16 56 0
16 62 1
16 76 2
16 93 3
17 4 0
17 7 2
17 14 1
17 21 2
17 75 4
17 77 1
17 85 1
17 88 4
17 96 2
17 99 1
18 3 2
18 9 2
18 15 3
18 18 1
18 39 4
18 40 3
18 51 0
18 52 2
18 74 1
18 99 4
19 33 2
19 40 1
19 56 3
19 61 1
19 71 4
19 73 2
19 75 0
19 87 3
19 92 3
19 96 0
20 0 3
20 26 4
20 41 4
20 45 2
20 61 3
20 66 2
20 76 1
20 86 1
20 97 3
20 99 2
21 0 3
21 8 3
21 30 1
21 36 3
21 37 4
21 41 1
21 50 2
21 65 1
21 89 2
21 98 2
22 8 2
22 10 2
22 12 4
22 33 3
22 56 4
22 57 1
22 80 1
22 82 1
22 90 2
22 93 4
23 9 4
23 24 4
23 29 3
23 52 0
23 59 1
23 64 1
23 70 0
23 87 2
23 96 2
23 99 1
24 1 1
24 12 0
24 29 2
24 40 3
24 59 2
24 67 3
24 71 3
24 80 4
24 97 4
24 98 4
25 18 1
25 21 1
25 24 0
25 60 3
25 62 1
25 75 0
25 84 2
25 90 4
25 94 3
25 98 1
26 21 4
26 23 4
26 27 2
26 30 1
26 35 3
26 48 4
26 52 2
26 70 4
26 73 2
26 78 3
27 14 0
27 15 4
27 28 3
27 29 3
27 31 3
27 44 3
27 58 0
27 77 1
27 79 3
27 94 0
28 2 0
28 16 1
28 19 1
28 28 3
28 32 3
28 48 3
28 57 3
28 66 4
28 73 2
28 91 1
29 4 0
29 16 0
29 23 0
29 25 3
29 34 2
29 44 1
29 79 0
29 80 3
29 86 1
29 97 1
30 25 3
30 26 1
30 31 3
30 34 3
30 36 0
30 41 1
30 53 4
30 67 1
30 73 1
30 85 4
31 23 3
31 25 1
31 27 3
31 29 4
31 51 2
31 55 2
31 60 3
31 77 4
31 79 0
31 89 2
32 16 1
32 19 4
32 20 3
32 45 4
32 52 4
32 63 1
32 76 3
32 82 4
32 91 3
32 92 1
33 26 2
33 27 2
33 29 0
33 40 3
33 62 4
33 79 4
33 88 2
33 89 1
33 96 1
33 99 3
34 2 2
34 18 4
34 42 1
34 44 4
34 46 4
34 56 1
34 61 0
34 62 2
34 70 2
34 97 1
35 6 1
35 15 4
35 26 3
35 30 1
35 38 4
35 46 3
35 57 0
35 67 2
35 89 0
35 91 3
36 4 1
36 14 2
36 35 0
36 42 4
36 49 0
36 65 4
36 73 1
36 85 1
36 89 4
36 92 4
37 1 3
37 9 1
37 15 1
37 45 3
37 54 3
37 58 4
37 65 4
37 77 2
37 87 1
37 96 3
38 3 4
38 6 3
38 8 3
38 29 1
38 44 4
38 47 0
38 49 0
38 60 1
38 65 0
38 77 3
39 2 1
39 10 1
39 17 1
39 22 2
39 23 3
39 33 4
39 44 2
39 63 2
39 84 3
39 87 2
40 0 2
40 3 4
40 16 3
40 18 1
40 24 0
40 29 1
40 45 1
40 51 4
40 91 4
40 95 4
41 20 1
41 22 3
41 26 4
41 27 2
41 52 2
41 70 1
41 73 0
41 81 4
41 94 1
41 98 0
42 2 2
42 4 2
42 7 4
42 22 3
42 28 2
42 35 0
42 38 3
42 44 3
42 70 2
42 98 4
43 3 2
43 7 4
43 15 2
43 21 0
43 25 1
43 26 2
43 45 1
43 46 1
43 47 3
43 68 1
44 16 3
44 18 1
44 23 0
44 28 2
44 52 1
44 53 4
44 57 1
44 73 2
44 81 2
44 90 2
45 26 0
45 28 4
45 37 1
45 48 0
45 49 0
45 67 1
45 71 4
45 74 4
45 80 0
45 88 3
46 5 4
46 15 4
46 17 2
46 44 0
46 54 2
46 56 1
46 60 1
46 63 3
46 72 0
46 78 2
47 0 0
47 3 0
47 7 2
47 15 2
47 27 0
47 38 0
47 50 3
47 54 4
47 80 3
47 98 4
48 25 3
48 26 2
48 33 1
48 41 1
48 42 2
48 43 4
48 54 3
48 61 1
48 86 1
48 88 2
49 7 3
49 10 1
49 32 3
49 36 1
49 49 3
49 53 3
49 55 2
49 83 1
49 94 0
49 99 2
50 12 4
50 32 4
50 37 3
50 39 1
50 43 0
50 46 0
50 50 4
50 67 2
50 75 3
50 85 2
51 19 1
51 32 2
51 51 4
51 52 3
51 53 3
51 76 0
51 81 3
51 83 1
51 94 0
51 99 3
52 5 4
52 14 2
52 33 1
52 34 0
52 38 1
52 55 4
52 60 1
52 70 0
52 79 4
52 95 3
53 14 4
53 19 2
53 38 4
53 42 0
53 43 0
53 45 0
53 58 3
53 65 0
53 74 1
53 83 3
54 15 1
54 17 3
54 18 4
54 19 0
54 48 3
54 58 0
54 63 0
54 69 2
54 76 0
54 82 0
55 10 0
55 12 3
55 28 0
55 35 0
55 37 4
55 60 1
55 64 0
55 79 4
55 95 1
55 96 0
56 44 3
56 63 2
56 66 3
56 74 4
56 77 2
56 78 3
56 84 0
56 87 4
56 91 3
56 95 1
57 1 1
57 4 3
57 13 0
57 23 1
57 38 2
57 49 3
57 54 4
57 71 0
57 73 4
57 94 0
58 5 2
58 20 1
58 38 4
58 41 4
58 65 4
58 79 0
58 89 3
58 91 0
58 92 1
58 99 4
59 6 0
59 15 0
59 20 0
59 31 3
59 44 0
59 52 0
59 57 1
59 63 4
59 79 1
59 90 2
60 9 0
60 11 0
60 15 4
60 18 0
60 21 2
60 32 2
60 37 1
60 44 2
60 66 4
60 99 4
61 1 0
61 14 1
61 20 4
61 26 1
61 38 4
61 48 4
61 74 3
61 76 2
61 86 1
61 89 1
62 3 0
62 7 0
62 41 1
62 43 2
62 50 2
62 52 3
62 56 1
62 59 4
62 64 3
62 67 4
63 12 0
63 22 3
63 29 3
63 36 1
63 37 4
63 52 3
63 55 0
63 69 4
63 71 4
63 85 1
64 1 3
64 9 0
64 17 4
64 40 3
64 44 1
64 50 1
64 54 3
64 57 3
64 86 0
64 89 0
65 0 1
65 2 2
65 10 2
65 16 4
65 25 1
65 31 2
65 47 3
65 55 4
65 72 4
65 77 0
66 19 1
66 20 4
66 21 3
66 23 2
66 34 1
66 38 4
66 74 2
66 78 1
66 79 3
66 90 4
67 5 4
67 43 3
67 55 3
67 58 1
67 60 3
67 61 2
67 71 4
67 87 3
67 90 0
67 96 4
68 9 1
68 10 2
68 17 3
68 28 4
68 38 3
68 45 0
68 66 3
68 89 0
68 90 4
68 94 4
69 5 4
69 9 0
69 19 3
69 25 0
69 30 3
69 47 0
69 52 0
69 61 1
69 82 3
69 86 0
70 10 2
70 41 2
70 45 0
70 66 0
70 69 0
70 78 1
70 88 1
70 90 0
70 95 2
70 98 4
71 2 3
71 9 4
71 17 4
71 23 2
71 52 1
71 58 3
71 64 4
71 82 2
71 89 0
71 99 2
72 42 0
72 48 4
72 49 0
72 50 4
72 62 4
72 63 1
72 67 4
72 81 1
72 83 0
72 95 3
73 9 4
73 20 4
73 28 3
73 35 0
73 36 1
73 59 2
73 60 4
73 72 1
73 80 1
73 82 0
74 10 1
74 18 1
74 25 0
74 38 3
74 61 1
74 65 3
74 78 4
74 81 1
74 86 2
74 92 1
75 1 1
75 9 0
75 18 0
75 35 2
75 43 3
75 58 1
75 62 2
75 79 2
75 83 2
75 96 1
76 4 3
76 28 1
76 37 1
76 47 0
76 49 2
76 54 1
76 61 0
76 88 1
76 91 1
76 95 4
77 13 3
77 14 0
77 17 3
77 21 1
77 23 0
77 44 2
77 46 0
77 73 3
77 74 4
77 98 3
78 6 3
78 9 1
78 18 1
78 30 1
78 55 4
78 59 3
78 62 3
78 63 4
78 86 3
78 97 4
79 10 3
79 18 0
79 35 0
79 41 4
79 53 2
79 80 3
79 83 3
79 84 1
79 90 0
79 95 3
80 2 2
80 5 0
80 17 2
80 53 2
80 56 2
80 58 2
80 61 2
80 80 2
80 83 4
80 98 0
81 3 3
81 8 1
81 11 0
81 23 0
81 37 1
81 85 1
81 88 4
81 93 1
81 95 2
81 96 1
82 2 4
82 4 0
82 7 3
82 15 2
82 17 4
82 23 0
82 30 2
82 38 0
82 41 1
82 80 2
83 16 4
83 20 3
83 23 0
83 52 2
83 57 0
83 62 1
83 64 0
83 65 0
83 75 1
83 91 1
84 1 4
84 14 0
84 18 2
84 23 0
84 40 0
84 48 1
84 52 0
84 72 4
84 76 0
84 86 4
85 9 3
85 12 1
85 27 2
85 43 0
85 46 1
85 64 1
85 66 3
85 69 0
85 75 2
85 79 3
86 8 0
86 11 1
86 13 4
86 40 3
86 43 0
86 62 2
86 72 3
86 73 3
86 87 0
86 99 0
87 1 1
87 7 0
87 24 2
87 32 2
87 34 2
87 41 0
87 46 1
87 66 1
87 80 4
87 90 3
88 6 3
88 19 3
88 25 1
88 29 4
88 34 0
88 46 2
88 51 3
88 59 4
88 63 0
88 71 1
89 16 4
89 20 3
89 30 3
89 35 1
89 41 0
89 53 1
89 64 3
89 66 4
89 84 3
89 91 2
90 8 4
90 19 0
90 30 4
90 40 1
90 44 0
90 71 0
90 72 3
90 80 4
90 83 2
90 98 0
91 9 2
91 12 3
91 14 1
91 39 4
91 51 3
91 53 0
91 56 0
91 62 2
91 63 3
91 97 2
92 14 0
92 15 2
92 16 2
92 22 4
92 57 1
92 71 4
92 72 0
92 80 3
92 88 0
92 95 0
93 10 1
93 11 1
93 21 3
93 25 3
93 26 1
93 27 3
93 32 2
93 63 2
93 85 1
93 90 1
94 13 1
94 32 4
94 41 0
94 57 0
94 61 1
94 68 1
94 79 1
94 82 0
94 90 3
94 99 4
95 21 2
95 32 1
95 35 1
95 36 2
95 70 1
95 73 0
95 83 1
95 90 1
95 93 4
95 99 2
96 11 3
96 13 1
96 30 2
96 64 1
96 78 2
96 81 0
96 90 0
96 94 0
96 95 2
96 99 0
97 0 2
97 8 3
97 10 3
97 13 4
97 18 2
97 50 0
97 57 4
97 66 0
97 67 1
97 94 4
98 2 2
98 5 4
98 37 3
98 46 1
98 72 3
98 75 0
98 78 0
98 85 1
98 87 4
98 99 3
99 8 1
99 20 4
99 36 1
99 41 2
99 43 1
99 45 1
99 82 0
99 94 2
99 95 3
99 99 0
