100
100
3000 3000 3000 3000 3000 3000 3000 3000 3000 3000 3000 3000 3000 3000 3000 3000 3000 3000 3000 3000 3000 3000 3000 3000 3000 3000 3000 3000 3000 3000 3000 3000 3000 3000 3000 3000 3000 3000 3000 3000 3000 3000 3000 3000 3000 3000 3000 3000 3000 3000 3000 3000 3000 3000 3000 3000 3000 3000 3000 3000 3000 3000 3000 3000 3000 3000 3000 3000 3000 3000 3000 3000 3000 3000 3000 3000 3000 3000 3000 3000 3000 3000 3000 3000 3000 3000 3000 3000 3000 3000 3000 3000 3000 3000 3000 3000 3000 3000 3000 3000
0 0 1
0 6 4
0 32 4
0 33 3
0 34 2
0 53 4
0 56 1
0 57 3
0 70 1
0 95 0
1 18 2
1 28 3
1 44 0
1 49 2
1 50 4
1 69 0
1 73 3
1 76 2
1 84 3
1 97 2
2 1 2
2 2 0
2 11 0
2 13 4
2 33 2
2 40 4
2 55 4
2 85 3
2 96 0
3 3 1
3 14 3
3 43 4
3 46 2
3 50 4
3 54 4
3 55 0
3 61 3
3 63 4
3 76 3
3 82 1
3 96 0
4 15 0
4 59 1
4 86 3
4 91 2
4 94 3
5 6 1
5 7 1
5 14 2
5 21 1
5 23 1
5 26 4
5 38 3
5 39 2
5 41 3
5 45 1
5 48 2
5 66 4
5 69 4
5 70 1
5 72 1
5 76 1
5 78 3
5 84 3
5 93 2
6 12 1
6 28 4
6 35 1
6 36 0
6 42 2
6 44 2
6 63 2
6 94 2
7 19 1
7 26 3
7 30 4
7 40 4
7 44 2
7 65 3
7 67 1
7 71 1
7 92 0
8 22 3
8 26 3
8 31 1
8 40 2
8 68 3
8 83 2
8 92 4
9 6 0
9 19 4
9 20 1
9 30 1
9 31 4
9 37 1
9 39 4
9 42 3
9 48 1
9 66 0
9 68 2
9 81 0
9 83 0
9 85 3
9 92 2
10 22 2
10 23 1
10 51 2
10 77 1
10 78 2
11 4 2
11 5 0
11 19 3
11 24 4
11 28 0
11 30 0
11 37 2
11 39 1
11 42 3
11 46 0
11 49 2
11 50 0
11 54 4
11 58 3
11 80 3
12 9 0
12 32 3
12 37 1
12 53 1
12 55 0
12 58 2
12 66 2
13 0 2
13 2 1
13 3 2
13 31 3
13 35 0
13 37 4
13 38 3
13 58 1
13 64 3
13 66 4
13 69 3
13 87 2
13 92 3
13 96 4
14 13 1
14 25 3
14 42 2
14 44 4
14 47 2
14 84 0
14 89 0
14 91 4
14 94 1
15 1 3
15 4 3
15 10 1
15 17 1
15 47 4
15 72 2
15 78 1
15 87 2
15 93 4
15 97 1
16 1 4
16 36 1
16 41 2
16 46 4
16 60 0
16 67 3
16 75 3
16 89 4
17 5 0
17 17 2
17 20 2
17 38 0
17 64 3
17 86 2
17 90 4
18 8 4
18 16 3
18 18 2
18 40 3
18 56 3
18 59 3
18 80 1
18 82 1
18 84 0
18 91 3
19 26 1
19 42 1
19 44 2
19 48 0
19 51 4
19 60 1
19 66 1
19 67 4
19 80 1
19 91 2
20 6 1
20 15 4
20 16 2
20 30 3
20 46 0
20 54 2
20 61 1
20 62 3
20 64 2
20 65 1
20 73 3
20 82 0
20 83 1
20 94 3
20 99 0
21 0 4
21 12 4
21 14 4
21 15 4
21 27 3
21 47 3
21 49 1
21 63 0
21 70 0
21 78 3
21 93 3
22 2 2
22 14 0
22 18 2
22 24 1
22 29 3
22 33 1
22 35 2
22 47 1
22 52 0
22 53 2
22 72 1
22 81 2
22 89 0
22 95 4
23 4 2
23 17 2
23 47 2
23 62 1
23 65 4
23 76 0
23 85 1
23 94 2
23 99 1
24 14 4
24 21 1
24 23 2
24 34 0
24 36 4
24 37 0
24 54 3
24 69 2
24 72 4
24 77 1
24 82 3
24 94 1
24 95 0
24 99 4
25 10 2
25 17 4
25 27 0
25 33 2
25 36 2
25 41 0
25 50 0
25 70 2
25 74 4
25 78 3
25 95 4
26 2 1
26 27 3
26 31 3
26 54 1
26 75 2
26 88 2
26 90 1
27 15 3
27 21 2
27 24 1
27 70 0
27 89 4
27 96 1
28 36 1
28 45 4
28 47 0
28 54 4
28 59 3
28 63 3
28 99 2
29 35 1
29 46 1
29 77 1
29 85 1
30 13 4
30 25 2
30 28 0
30 33 0
30 39 2
30 69 2
31 3 3
31 11 3
31 21 1
31 34 0
31 40 0
31 43 2
31 50 0
31 56 0
31 60 3
31 64 0
31 70 0
31 85 1
32 7 0
32 14 2
32 26 0
32 37 3
32 43 1
32 73 2
32 76 1
32 79 0
32 83 0
32 84 0
32 98 1
33 12 4
33 34 1
33 54 1
33 55 1
33 65 0
33 97 3
33 99 2
34 5 0
34 45 4
34 66 2
34 72 1
34 73 1
34 76 3
34 81 2
34 84 1
34 90 2
34 99 0
35 6 0
35 22 0
35 28 4
35 35 0
35 36 3
35 37 3
35 38 0
35 50 1
35 51 0
35 60 2
35 63 3
35 67 0
35 77 3
35 86 3
35 90 3
35 96 3
35 97 3
36 34 1
36 41 0
36 57 0
36 58 4
36 60 3
36 65 0
36 75 3
36 81 2
36 86 1
36 89 1
37 0 4
37 9 3
37 10 4
37 16 0
37 26 2
37 35 2
37 52 0
37 55 2
37 65 0
37 70 1
37 74 1
37 75 3
37 78 3
37 87 1
37 90 4
37 92 1
37 96 0
38 45 1
38 76 3
38 85 1
38 97 3
38 99 2
39 9 0
39 33 1
39 59 0
39 97 0
40 4 4
40 8 2
40 18 1
40 20 3
40 21 3
40 25 3
40 26 4
40 27 2
40 36 3
40 44 4
40 52 2
40 59 3
40 61 0
40 93 1
41 7 0
41 11 2
41 23 1
41 53 2
41 55 0
41 56 0
41 67 2
41 79 0
42 7 3
42 22 1
42 47 2
42 51 4
42 57 0
42 59 2
42 64 2
42 77 3
42 84 1
42 98 0
43 23 2
43 31 3
43 38 2
43 46 2
43 49 2
43 59 3
43 91 4
43 98 3
43 99 2
44 2 1
44 19 3
44 25 0
44 36 3
44 40 3
44 41 1
44 43 0
44 45 3
44 55 3
44 63 2
44 68 3
44 69 3
44 71 0
44 88 1
45 7 0
45 28 0
45 32 4
45 39 4
45 41 0
45 49 3
45 54 4
45 61 4
45 67 1
45 72 4
46 4 1
46 21 4
46 22 4
46 24 0
46 28 0
46 34 0
46 48 0
46 50 0
46 54 2
46 71 2
46 83 0
46 86 4
46 88 0
46 95 1
46 97 3
47 1 2
47 11 0
47 13 1
47 17 4
47 18 2
47 26 3
47 51 0
47 52 0
47 56 4
47 62 0
47 80 1
47 86 0
48 3 3
48 6 2
48 9 2
48 10 4
48 11 2
48 23 1
48 42 4
48 48 3
49 20 2
49 62 0
49 64 3
49 73 2
49 78 0
49 85 4
49 95 1
49 96 1
50 40 3
50 72 1
50 73 4
51 10 0
51 39 0
51 56 1
51 68 0
51 80 1
51 99 4
52 2 1
52 3 4
52 12 4
52 36 3
52 37 0
52 46 3
52 52 0
52 64 1
52 77 2
52 87 4
53 6 0
53 14 4
53 17 2
53 43 3
53 44 2
53 66 4
53 69 3
53 87 1
53 96 3
54 11 1
54 21 1
54 24 1
54 44 1
54 51 4
54 81 1
54 87 2
55 0 3
55 3 2
55 16 3
55 22 0
55 29 3
55 41 1
55 53 3
55 61 4
55 65 0
55 67 1
55 72 3
55 89 1
56 16 3
56 30 4
56 33 4
56 39 4
56 53 4
56 54 4
56 56 1
56 58 0
56 62 3
56 73 4
56 81 4
56 83 3
56 99 1
57 8 3
57 9 3
57 12 1
57 43 0
57 48 2
57 50 4
57 52 3
57 65 4
57 74 3
57 84 1
57 86 2
57 92 3
58 1 1
58 8 1
58 24 1
58 29 2
58 30 4
58 37 3
58 43 2
58 48 3
58 60 2
58 88 2
58 93 2
59 8 1
59 10 4
59 22 3
59 24 4
59 29 2
59 81 3
60 9 3
60 11 2
60 30 4
60 33 4
60 66 1
60 70 4
60 77 1
60 78 1
60 89 4
61 1 3
61 2 1
61 29 1
61 34 0
61 36 1
61 43 4
61 57 1
61 67 3
61 72 0
62 3 4
62 13 3
62 17 2
62 68 2
62 74 1
62 90 0
63 1 3
63 9 4
63 16 1
63 31 2
63 32 4
63 34 3
63 39 1
63 41 1
63 45 1
63 64 0
63 69 3
63 71 3
63 85 0
63 93 2
63 98 2
64 7 0
64 10 3
64 12 3
64 19 0
64 27 2
64 35 0
64 42 1
64 62 0
64 74 2
64 80 4
64 83 3
64 86 3
64 93 4
64 97 2
65 32 1
65 49 3
65 66 3
65 91 2
66 3 3
66 23 3
66 25 4
66 32 4
66 41 0
66 56 0
66 66 1
66 68 1
66 71 4
66 77 3
66 82 1
66 83 4
66 88 1
66 89 0
66 95 2
67 7 2
67 13 0
67 15 4
67 24 1
67 27 0
67 29 2
67 34 3
67 38 0
67 41 2
67 79 1
67 82 0
67 96 4
68 26 3
68 32 3
68 38 4
68 45 2
68 70 3
68 77 2
68 78 2
68 93 4
69 3 2
69 5 4
69 18 0
69 44 0
69 45 1
69 64 3
69 65 3
69 81 4
69 88 1
70 5 1
70 6 4
70 7 4
70 13 3
70 16 3
70 20 0
70 35 4
70 40 2
70 49 4
70 51 2
70 56 3
70 91 1
70 97 1
71 4 4
71 30 2
71 34 4
71 47 0
71 48 1
71 60 1
71 61 2
71 71 1
71 75 0
71 76 2
71 79 4
71 81 2
71 89 4
72 12 4
72 14 0
72 18 3
72 52 4
72 53 2
72 63 1
72 70 3
72 80 2
72 95 3
72 96 1
73 11 2
73 17 3
73 21 3
73 23 2
73 24 3
73 46 3
73 47 2
73 49 0
73 58 3
73 73 4
74 2 2
74 7 4
74 9 1
74 12 0
74 16 2
74 17 1
74 18 3
74 25 2
74 40 0
74 57 1
74 58 3
74 69 0
74 73 4
74 74 2
74 79 2
74 86 1
74 94 1
74 98 4
75 9 3
75 10 4
75 12 1
75 15 4
75 20 2
75 28 4
75 31 3
75 39 4
75 57 4
75 75 0
75 80 1
75 82 0
76 20 3
76 23 4
76 27 2
76 53 0
76 60 1
76 61 0
76 62 1
76 79 0
76 90 3
76 94 4
76 97 2
77 15 4
77 19 0
77 22 4
77 80 4
77 88 2
77 90 1
77 92 2
78 1 3
78 3 0
78 15 4
78 45 1
78 53 1
78 69 3
78 76 4
79 4 2
79 8 2
79 15 4
79 31 0
79 32 4
79 60 0
79 64 4
80 0 0
80 1 4
80 8 2
80 16 2
80 42 2
80 79 3
80 92 2
81 4 2
81 6 2
81 13 4
81 32 3
81 38 1
81 58 0
81 62 4
81 68 4
81 73 4
81 77 0
81 84 3
81 87 1
82 5 4
82 22 3
82 27 1
82 47 0
82 55 4
82 63 1
82 81 1
82 84 0
83 5 3
83 7 0
83 27 4
83 35 2
83 44 0
83 49 0
83 51 0
83 74 2
83 86 4
83 88 1
83 90 0
83 98 0
84 8 2
84 10 3
84 33 0
84 45 0
84 58 1
84 62 2
84 79 3
84 85 3
85 11 3
85 15 2
85 31 2
85 48 4
85 57 2
85 61 2
85 87 4
85 95 2
86 18 0
86 25 4
86 38 0
86 74 3
86 78 0
86 80 2
86 91 4
87 8 2
87 11 3
87 20 3
87 27 0
87 29 2
87 37 3
87 40 2
87 52 4
87 61 2
87 67 2
87 75 0
87 82 2
87 91 0
88 8 2
88 28 0
88 39 2
88 53 4
88 68 3
88 75 1
88 85 1
88 92 0
89 25 0
89 26 1
89 29 2
89 38 0
89 51 0
89 59 2
89 60 4
89 74 4
89 79 4
89 82 4
89 88 3
90 9 2
90 12 1
90 14 2
90 28 1
90 35 2
90 50 0
90 59 4
90 79 3
90 93 0
91 22 4
91 46 2
91 52 0
91 65 0
91 88 1
91 90 3
92 0 4
92 2 1
92 13 3
92 16 4
92 29 4
92 33 1
92 49 0
92 58 1
92 63 0
92 71 2
92 72 3
92 74 4
92 75 1
92 91 1
93 0 4
93 1 0
93 4 1
93 10 3
93 14 3
93 18 2
93 19 4
93 24 2
93 55 2
93 61 4
93 68 3
94 0 0
94 2 1
94 6 4
94 19 3
94 32 4
94 43 2
94 46 1
94 52 3
94 87 0
94 95 0
94 98 2
95 19 2
95 21 3
95 51 4
95 55 3
95 57 1
95 63 0
95 94 1
96 0 2
96 5 2
96 13 2
96 20 2
96 25 0
96 30 1
96 43 2
96 75 4
96 92 2
96 98 3
97 4 0
97 5 1
97 17 4
97 19 0
97 25 4
97 50 1
97 56 0
97 57 1
97 67 2
97 71 2
97 76 1
97 83 4
97 93 0
97 98 4
98 21 0
98 23 4
98 30 0
98 31 4
98 42 4
98 59 4
98 62 1
98 68 4
98 71 3
98 87 0
98 89 3
99 5 1
99 20 3
99 29 3
99 42 3
99 48 3
99 57 4
99 71 1
99 82 3
99 83 1
99 94 4
99 98 1
