100
100
3000 3000 3000 3000 3000 3000 3000 3000 3000 3000 3000 3000 3000 3000 3000 3000 3000 3000 3000 3000 3000 3000 3000 3000 3000 3000 3000 3000 3000 3000 3000 3000 3000 3000 3000 3000 3000 3000 3000 3000 3000 3000 3000 3000 3000 3000 3000 3000 3000 3000 3000 3000 3000 3000 3000 3000 3000 3000 3000 3000 3000 3000 3000 3000 3000 3000 3000 3000 3000 3000 3000 3000 3000 3000 3000 3000 3000 3000 3000 3000 3000 3000 3000 3000 3000 3000 3000 3000 3000 3000 3000 3000 3000 3000 3000 3000 3000 3000 3000 3000
0 18 1
0 24 1
0 27 1
0 37 3
0 60 0
0 63 4
0 64 2
0 74 1
0 90 3
0 98 3
0 99 1
1 6 3
1 20 1
1 22 3
1 32 2
1 41 3
1 54 4
2 8 1
2 16 3
2 38 2
2 47 2
2 56 3
2 57 3
2 63 3
2 74 1
2 84 3
2 91 0
2 98 4
3 41 0
3 59 1
3 64 3
3 66 1
3 77 2
3 78 3
3 88 2
3 92 1
4 4 3
4 12 1
4 32 3
4 41 1
4 42 3
4 58 0
4 74 2
4 81 2
4 83 4
4 85 4
4 97 4
5 10 0
5 11 1
5 16 2
5 45 2
5 56 4
5 57 4
5 70 4
5 81 4
5 90 0
5 97 1
6 7 3
6 9 0
6 15 1
6 21 1
6 23 1
6 27 2
6 30 4
6 34 0
6 51 2
6 65 3
7 4 4
7 5 4
7 19 3
7 77 1
7 80 4
7 93 4
8 1 0
8 11 1
8 23 4
8 28 1
8 30 4
8 34 4
8 36 3
8 43 1
8 50 1
8 67 4
8 71 3
8 74 3
8 82 1
8 91 3
8 93 1
9 1 2
9 5 3
9 26 4
9 29 4
9 34 1
9 45 3
9 53 0
9 58 1
9 90 1
9 95 2
10 8 3
10 29 0
10 35 0
10 46 4
10 54 2
10 58 0
10 69 2
10 70 0
10 93 2
11 3 0
11 31 3
11 48 2
11 52 0
11 54 4
11 57 1
11 61 4
11 80 2
11 91 0
11 99 4
12 25 4
12 42 2
12 43 3
12 54 3
12 99 3
13 2 4
13 14 1
13 28 3
13 33 3
13 38 1
13 48 3
13 62 2
13 68 1
13 71 1
13 78 3
13 85 3
14 7 0
14 23 4
14 25 1
14 41 3
14 47 3
14 52 3
14 63 4
14 69 3
14 73 4
14 79 0
14 86 4
15 20 3
15 27 1
15 31 4
15 33 2
15 36 2
15 50 0
15 53 3
15 67 3
15 74 4
15 87 2
16 4 1
16 18 1
16 28 4
16 32 3
16 33 1
16 67 3
16 76 1
16 94 2
16 95 1
16 99 0
17 3 1
17 8 0
17 11 0
17 29 3
17 50 1
17 59 0
17 67 0
18 5 1
18 15 0
18 36 4
18 37 4
18 47 3
18 52 2
18 63 0
18 73 1
18 74 2
18 80 2
18 88 4
18 92 3
18 99 4
19 2 4
19 4 0
19 9 1
19 29 3
19 54 1
19 75 1
19 85 1
19 95 0
19 96 4
20 10 1
20 13 2
20 18 4
20 26 0
20 31 0
20 37 3
20 48 1
20 55 3
20 60 0
20 62 4
20 64 3
20 98 4
21 14 3
21 33 3
21 34 1
21 35 0
21 42 0
21 46 4
21 72 1
21 74 3
21 75 2
21 77 1
21 88 2
21 93 4
22 0 2
22 3 1
22 9 1
22 12 4
22 13 0
22 17 4
22 40 4
22 43 2
22 49 4
22 53 0
22 54 4
22 60 3
22 68 0
22 70 4
22 73 2
22 94 0
22 99 2
23 3 2
23 10 4
23 13 0
23 15 1
23 33 0
23 42 2
23 51 4
23 56 2
23 57 3
23 62 2
23 66 2
23 67 4
23 72 4
23 87 0
23 90 1
24 0 4
24 2 3
24 22 3
24 35 1
24 39 0
24 41 2
24 47 2
24 48 2
24 66 1
24 68 3
24 69 1
24 82 0
24 85 4
24 86 1
24 92 2
25 1 0
25 6 4
25 14 4
25 18 1
25 22 3
25 28 0
25 41 2
25 50 3
25 73 3
25 80 0
25 83 4
25 86 2
25 92 0
25 93 1
25 96 1
25 99 0
26 14 3
26 26 2
26 39 4
26 51 1
26 58 2
26 62 3
26 67 3
26 69 2
26 77 1
26 98 3
27 6 2
27 22 0
27 64 3
27 89 3
27 91 3
28 13 3
28 36 2
28 44 3
28 45 3
28 46 2
28 56 2
28 57 1
28 64 4
28 73 1
28 74 4
28 75 3
28 85 3
28 90 0
29 11 1
29 14 2
29 18 4
29 21 4
29 26 3
29 30 2
29 31 4
29 32 2
29 46 2
29 50 3
29 52 4
29 55 1
29 61 4
29 79 1
29 80 0
29 82 4
30 0 0
30 6 0
30 11 0
30 12 2
30 33 3
30 35 1
30 38 1
30 51 1
30 62 3
30 83 3
30 96 2
31 15 0
31 39 0
31 47 3
31 49 1
31 55 4
31 58 3
31 77 3
31 80 0
31 92 1
31 96 0
32 1 3
32 2 4
32 6 0
32 7 1
32 15 3
32 17 4
32 18 3
32 23 2
32 32 4
32 33 1
32 53 4
32 77 0
32 90 3
32 91 4
32 98 3
33 20 3
33 32 2
33 38 3
33 45 0
33 51 4
33 60 3
33 61 1
33 62 0
33 66 0
33 71 4
33 72 4
33 76 3
33 77 1
33 85 3
33 87 0
33 95 2
34 0 2
34 8 4
34 17 1
34 20 1
34 39 0
34 40 1
34 49 1
34 84 1
34 86 4
35 4 0
35 9 0
35 13 3
35 15 4
35 21 3
35 27 4
35 34 1
35 45 1
35 59 1
35 65 0
35 70 1
35 92 0
35 98 4
36 20 4
36 27 2
36 48 1
36 52 4
36 61 2
36 84 2
37 6 3
37 10 1
37 19 1
37 22 1
37 32 1
37 70 2
37 81 4
37 86 1
38 4 4
38 8 4
38 18 2
38 21 0
38 27 0
38 42 4
38 55 1
38 63 1
38 70 2
38 73 4
38 78 0
38 79 0
38 93 1
38 96 3
39 40 1
39 49 3
39 59 2
39 65 1
39 66 0
39 93 2
39 95 1
40 5 4
40 6 0
40 27 4
40 29 3
40 49 3
40 62 0
40 76 2
40 79 2
40 81 1
40 82 0
40 88 1
40 97 2
40 99 0
41 38 3
41 42 4
41 57 1
41 84 1
42 25 0
42 31 4
42 34 2
42 47 1
42 63 0
42 67 2
42 81 4
42 86 1
43 9 3
43 19 2
43 21 2
43 31 2
43 40 4
43 47 1
43 51 0
43 53 0
43 65 3
43 78 1
44 16 4
44 19 1
44 28 2
44 29 3
44 88 0
44 89 3
45 14 1
45 22 2
45 50 2
45 51 0
45 88 2
45 89 1
45 96 2
46 10 4
46 26 3
46 38 4
46 44 0
46 48 3
46 53 2
46 58 4
46 70 0
46 72 4
46 87 4
47 0 3
47 1 0
47 2 1
47 19 1
47 22 0
47 34 4
47 46 3
47 52 4
47 67 3
47 68 3
47 78 3
47 81 4
47 85 2
48 0 2
48 10 4
48 24 4
48 44 0
48 49 0
48 53 3
48 54 1
48 56 4
48 60 0
48 69 3
48 72 2
48 95 0
49 5 4
49 6 4
49 53 2
49 81 0
49 91 1
50 13 1
50 16 0
50 21 0
50 24 4
50 35 3
50 37 2
50 39 4
50 50 3
50 51 4
50 76 3
50 80 3
50 82 0
50 89 3
50 96 1
51 3 0
51 8 4
51 16 4
51 24 2
51 31 1
51 58 1
51 68 2
51 72 2
51 94 2
51 98 4
52 24 2
52 41 0
52 43 2
52 53 3
52 56 1
52 71 3
52 87 3
52 91 3
53 24 3
53 43 3
53 64 4
53 67 3
53 69 2
53 75 2
53 77 0
53 89 3
53 90 2
53 96 3
53 97 2
53 98 2
54 1 2
54 4 0
54 12 2
54 17 1
54 20 0
54 21 0
54 23 3
54 58 4
54 66 4
54 75 0
55 1 0
55 9 4
55 38 3
55 44 1
55 66 4
55 78 2
55 94 1
56 19 1
56 21 1
56 24 3
56 46 2
56 50 1
56 69 4
56 74 1
56 76 4
56 89 1
56 97 1
57 12 1
57 17 1
57 19 4
57 68 3
57 87 1
58 12 1
58 13 4
58 29 1
58 30 1
58 37 0
58 45 4
58 55 3
58 56 2
58 64 4
58 90 0
58 95 1
59 0 2
59 8 0
59 18 0
59 20 2
59 37 4
59 40 3
59 41 4
59 53 1
59 60 0
59 61 2
59 62 2
59 88 1
60 0 2
60 9 1
60 25 2
60 36 4
60 44 2
60 48 0
60 56 1
60 66 2
60 83 3
61 14 1
61 47 1
61 55 1
61 64 0
61 69 0
61 75 1
61 80 0
61 94 4
61 95 4
61 97 2
62 8 0
62 10 0
62 11 4
62 41 0
62 65 3
62 86 1
62 90 0
62 97 2
63 3 3
63 11 0
63 17 4
63 27 0
63 29 3
63 31 2
63 35 2
63 37 0
63 54 3
63 60 0
63 71 3
63 79 2
63 89 0
63 92 0
64 3 4
64 10 4
64 12 0
64 21 4
64 29 1
64 30 4
64 36 4
64 43 4
64 49 0
64 59 4
64 63 0
64 71 0
64 75 2
64 79 1
64 84 3
64 85 3
64 88 3
64 94 0
64 97 1
65 2 2
65 5 1
65 31 4
65 42 4
65 61 2
65 63 4
65 79 1
65 82 2
65 83 1
65 84 3
65 88 1
66 4 1
66 15 0
66 19 3
66 23 1
66 24 2
66 32 2
66 37 2
66 40 0
66 43 3
66 45 1
66 57 3
66 72 0
66 94 2
67 16 4
67 25 3
67 40 1
67 52 2
67 59 2
67 78 0
68 16 3
68 25 3
68 33 1
68 34 3
68 35 3
68 38 3
68 57 0
68 61 0
68 68 0
68 80 2
68 82 0
69 15 0
69 20 1
69 43 3
69 72 4
70 23 1
70 28 4
70 30 3
70 36 1
70 48 4
70 49 2
70 52 3
70 54 0
70 59 1
70 87 1
70 99 1
71 5 2
71 18 3
71 32 4
71 44 0
71 61 1
71 63 0
71 72 4
71 76 4
71 77 1
71 85 3
71 92 3
71 93 2
72 14 3
72 27 1
72 43 0
73 3 2
73 8 4
73 16 3
73 25 2
73 26 3
73 42 3
73 61 1
73 76 2
73 96 1
74 2 1
74 6 1
74 19 3
74 76 1
74 77 1
74 79 3
74 97 0
75 2 3
75 8 3
75 27 1
75 37 1
75 41 2
75 44 4
75 46 0
75 65 0
75 78 2
75 81 3
75 89 3
75 92 1
76 1 2
76 14 2
76 16 1
76 50 3
76 57 3
76 81 3
77 23 4
77 25 0
77 26 4
77 49 3
77 64 2
77 71 0
77 76 0
77 83 4
77 85 4
78 1 3
78 14 4
78 30 0
78 34 2
78 35 4
78 37 4
78 48 1
78 55 2
78 60 3
78 80 3
78 82 3
78 84 1
78 87 2
79 1 4
79 7 4
79 15 2
79 28 2
79 44 1
79 69 0
79 70 1
79 71 3
79 72 1
79 73 2
79 75 4
79 91 4
80 11 1
80 13 2
80 29 4
80 39 2
80 49 2
80 55 0
80 73 0
80 78 0
81 17 1
81 36 4
81 68 1
81 70 3
81 84 0
81 86 2
81 97 4
82 21 4
82 25 0
82 28 3
82 36 1
82 39 1
82 40 0
82 42 0
82 52 2
82 56 0
82 59 3
82 60 1
82 61 4
82 66 0
82 75 3
82 91 4
83 0 0
83 5 3
83 10 4
83 16 2
83 39 0
83 62 4
83 68 1
83 87 2
84 22 1
84 33 3
84 34 3
84 38 0
84 46 3
84 69 1
84 83 2
84 86 4
84 94 0
84 98 1
85 25 1
85 30 1
85 35 1
85 40 0
85 44 4
85 52 0
85 60 0
85 90 0
86 2 4
86 3 3
86 13 1
86 18 1
86 19 4
86 26 4
86 45 1
86 48 4
86 65 0
86 73 4
86 82 4
87 2 3
87 4 2
87 10 3
87 24 3
87 26 3
87 30 2
87 36 0
87 54 0
87 57 0
87 58 1
87 81 2
87 86 3
87 95 2
88 3 2
88 5 1
88 7 0
88 11 0
88 23 2
88 31 1
88 46 0
88 55 2
88 59 1
88 71 4
88 82 4
89 9 0
89 23 1
89 30 2
89 39 0
89 40 4
89 45 0
89 47 0
89 55 0
89 59 1
89 64 2
89 68 0
89 73 3
89 75 4
90 6 2
90 7 3
90 9 1
90 12 3
90 45 0
90 66 4
90 74 1
90 78 1
90 94 4
90 96 0
91 4 3
91 9 0
91 12 2
91 26 2
91 42 3
91 84 2
91 95 3
92 17 2
92 22 1
92 24 4
92 28 1
92 33 2
92 39 2
92 51 1
92 56 3
92 65 3
92 89 0
93 17 3
93 20 3
93 22 4
93 35 3
93 44 0
93 50 0
93 63 0
93 65 2
93 71 2
93 84 2
93 93 0
94 5 3
94 28 2
94 32 1
94 70 3
94 89 2
94 98 2
95 0 2
95 7 2
95 11 1
95 17 2
95 46 3
95 67 0
95 76 4
95 83 0
95 94 1
96 15 2
96 51 2
96 83 1
96 88 0
96 92 3
97 7 2
97 12 0
97 43 0
97 58 0
97 79 3
97 83 4
97 91 1
97 99 0
98 7 3
98 20 0
98 47 4
98 62 1
98 65 0
98 79 4
98 87 1
98 93 1
99 7 1
99 13 0
99 38 4
