100
100
3000 3000 3000 3000 3000 3000 3000 3000 3000 3000 3000 3000 3000 3000 3000 3000 3000 3000 3000 3000 3000 3000 3000 3000 3000 3000 3000 3000 3000 3000 3000 3000 3000 3000 3000 3000 3000 3000 3000 3000 3000 3000 3000 3000 3000 3000 3000 3000 3000 3000 3000 3000 3000 3000 3000 3000 3000 3000 3000 3000 3000 3000 3000 3000 3000 3000 3000 3000 3000 3000 3000 3000 3000 3000 3000 3000 3000 3000 3000 3000 3000 3000 3000 3000 3000 3000 3000 3000 3000 3000 3000 3000 3000 3000 3000 3000 3000 3000 3000 3000
0 2 0
0 7 1
0 31 0
0 42 4
0 43 2
0 46 3
0 49 3
0 57 2
0 71 3
0 74 2
0 77 4
0 83 0
1 0 0
1 16 4
1 23 3
1 25 3
1 28 2
1 51 2
1 63 1
1 65 2
1 70 4
1 85 1
2 3 3
2 9 3
2 16 3
2 24 2
2 31 3
2 48 4
2 61 1
2 65 0
2 69 1
2 79 4
2 81 0
3 15 3
3 31 4
3 32 1
3 39 2
3 59 2
3 66 1
3 68 4
3 75 2
3 79 1
4 14 0
4 24 2
4 32 3
4 33 1
4 35 1
4 46 4
4 59 2
4 79 0
4 90 1
4 91 0
5 4 2
5 16 3
5 30 1
5 37 4
5 38 1
5 50 3
5 60 0
5 62 0
5 69 3
5 83 1
5 86 2
6 27 3
6 90 3
7 38 1
7 44 4
7 54 1
7 61 1
7 89 0
7 95 0
8 9 2
8 12 2
8 25 3
8 38 0
8 44 1
8 55 4
8 56 3
8 68 0
8 77 1
8 85 2
8 87 3
8 88 0
8 95 3
9 1 0
9 7 3
9 34 4
9 57 1
10 0 4
10 4 3
10 7 0
10 17 4
10 23 4
10 33 1
10 39 3
10 51 3
10 58 2
10 76 4
10 79 0
10 91 1
10 94 3
11 9 4
11 22 0
11 23 0
11 52 2
11 54 3
11 67 3
11 74 2
11 78 0
11 85 1
12 21 0
12 27 0
12 28 0
12 35 3
12 41 3
12 63 2
12 80 3
12 88 3
12 93 4
13 2 2
13 7 3
13 59 3
13 67 0
13 72 4
13 89 0
13 93 2
13 98 3
14 1 0
14 6 1
14 21 4
14 23 3
14 29 0
14 43 3
14 74 0
14 78 1
14 81 4
14 93 3
15 10 3
15 11 4
15 14 1
15 17 3
15 26 3
15 42 3
15 63 0
15 69 0
15 76 2
15 87 2
15 88 1
15 91 4
16 14 0
16 47 4
16 49 2
16 64 0
16 73 2
16 77 1
16 90 3
17 11 4
17 35 2
17 36 2
17 54 4
17 57 2
17 63 2
17 71 3
17 76 4
17 87 1
17 90 2
17 94 4
17 99 3
18 0 2
18 5 2
18 13 1
18 22 3
18 30 3
18 49 0
18 70 2
18 74 2
18 85 0
19 11 0
19 14 4
19 24 3
19 30 2
19 33 3
19 60 0
19 67 2
19 87 1
19 93 3
20 3 0
20 15 3
20 32 3
20 34 3
20 45 1
20 52 2
20 58 4
20 71 1
20 78 0
20 94 2
21 26 4
21 42 3
21 45 4
21 62 2
21 68 2
21 98 3
21 99 0
22 18 3
22 25 2
22 37 1
22 68 3
22 96 1
22 99 1
23 3 2
23 8 0
23 14 1
23 23 1
23 29 4
23 31 0
23 53 1
23 82 1
23 86 0
23 97 2
23 98 0
24 10 2
24 11 2
24 12 3
24 32 4
24 35 0
24 41 1
24 45 4
24 46 2
24 47 4
24 50 3
24 51 1
24 55 1
24 62 2
24 73 4
24 76 4
24 82 2
24 84 2
25 3 4
25 12 3
25 18 1
25 19 4
25 21 1
25 37 1
25 38 0
25 51 4
25 57 4
25 65 4
25 79 1
26 11 1
26 35 1
26 37 0
26 46 3
26 49 0
26 54 3
26 55 2
26 66 1
26 84 1
26 95 4
27 9 4
27 16 0
27 19 1
27 20 0
27 40 4
27 52 1
27 54 2
27 58 0
27 70 0
27 92 2
27 99 2
28 13 2
28 19 0
28 22 2
28 29 0
28 32 3
28 41 0
28 48 4
28 50 4
28 53 4
28 67 1
28 78 1
28 83 1
28 93 2
29 0 4
29 28 2
29 33 4
29 51 3
29 61 3
29 66 1
29 73 2
29 76 0
29 82 2
30 25 0
30 36 4
30 41 2
30 42 3
30 59 0
30 60 1
30 73 3
30 75 0
30 88 3
31 7 3
31 12 3
31 25 1
31 29 4
31 30 3
31 39 2
31 47 4
31 65 0
31 72 1
31 90 1
31 92 4
31 97 1
31 99 4
32 1 2
32 12 1
32 16 2
32 21 3
32 22 0
32 26 1
32 29 1
32 32 2
32 37 0
32 56 1
32 63 2
32 64 0
32 70 2
32 83 4
32 90 4
32 91 1
32 94 2
32 98 1
33 11 0
33 18 4
33 21 3
33 23 4
33 43 3
33 46 1
33 47 2
33 52 0
33 62 1
33 79 1
33 86 2
34 26 3
34 53 4
34 56 0
34 59 2
34 61 1
34 80 0
34 88 0
35 6 1
35 8 0
35 13 4
35 15 1
35 33 4
35 40 4
35 58 3
35 75 4
35 95 4
35 98 2
36 4 0
36 9 1
36 17 4
36 26 3
36 28 0
36 36 1
36 39 4
36 55 1
36 58 1
36 67 2
36 70 0
36 81 3
37 1 1
37 7 0
37 17 1
37 19 2
37 27 4
37 31 4
37 37 2
37 57 2
37 60 0
37 64 1
37 69 3
37 73 4
37 74 4
37 79 2
37 99 3
38 12 3
38 13 1
38 28 0
38 40 2
38 44 2
38 46 4
38 48 2
38 65 1
38 77 4
39 0 0
39 8 3
39 15 4
39 16 4
39 22 1
39 24 4
39 50 1
39 53 2
39 61 1
39 64 1
39 72 3
40 1 1
40 5 2
40 18 2
40 22 2
40 38 0
40 40 0
40 74 3
40 89 4
41 1 4
41 23 4
41 46 2
41 62 2
41 80 2
41 81 2
41 90 0
41 92 1
42 3 1
42 5 4
42 13 4
42 38 1
42 43 3
42 48 3
42 60 1
42 68 3
42 80 3
42 92 0
42 96 3
43 0 3
43 3 3
43 20 3
43 25 0
43 28 3
43 58 1
43 62 4
43 65 4
43 87 3
44 8 3
44 10 2
44 35 4
44 55 4
44 65 0
44 66 3
44 75 1
44 96 1
45 8 0
45 45 1
45 56 2
45 57 4
45 60 0
45 75 2
45 98 1
46 3 1
46 4 1
46 14 4
46 20 4
46 26 2
46 33 0
46 36 0
46 38 2
46 41 3
46 42 3
46 53 0
46 77 4
46 87 0
46 97 2
47 8 1
47 12 3
47 27 0
47 29 1
47 49 3
47 54 1
47 58 1
47 64 4
47 66 0
47 71 0
47 80 0
47 89 1
48 19 2
48 22 4
48 31 0
48 42 3
48 71 0
48 75 1
48 79 1
48 95 4
49 3 3
49 5 1
49 10 4
49 34 0
49 40 0
49 47 4
49 61 0
49 94 3
50 0 4
50 14 3
50 21 4
50 25 0
50 26 1
50 36 1
50 38 4
50 40 4
50 54 3
50 61 1
50 80 1
50 91 1
50 92 4
50 94 3
51 2 3
51 28 1
51 39 3
51 43 2
51 48 0
51 50 3
51 53 0
51 69 0
51 71 0
51 74 1
51 75 2
51 78 2
51 82 3
51 95 3
52 10 2
52 27 3
52 34 2
52 40 2
52 70 1
52 73 4
52 75 1
52 79 1
52 81 1
52 87 4
52 90 3
52 92 4
52 96 0
52 98 1
53 7 3
53 26 3
53 27 1
53 51 3
53 55 1
53 61 2
53 67 2
53 81 0
53 84 2
53 96 4
53 99 4
54 20 3
54 69 0
54 72 4
55 3 0
55 4 2
55 17 0
55 30 4
55 44 1
55 48 1
55 50 3
56 9 3
56 14 2
56 15 4
56 29 4
56 30 3
56 31 2
56 48 2
56 58 3
56 74 4
56 82 0
56 91 3
57 0 0
57 3 3
57 35 0
57 49 1
57 64 3
57 73 0
57 78 1
57 83 3
57 93 3
57 98 4
58 2 4
58 7 3
58 11 1
58 19 2
58 26 4
58 32 1
58 36 4
58 44 3
58 53 4
58 69 2
58 74 4
58 83 3
58 88 2
59 0 0
59 20 2
59 21 1
59 30 0
59 47 4
59 64 2
59 66 3
59 87 0
59 88 1
59 91 2
59 96 0
60 4 2
60 6 0
60 59 4
60 60 1
60 75 0
60 83 0
60 85 4
61 0 0
61 5 2
61 13 1
61 18 0
61 38 3
61 43 4
61 44 0
61 51 2
61 56 3
61 69 0
61 96 1
62 9 2
62 10 3
62 11 1
62 42 0
62 68 0
62 84 2
62 86 4
62 93 3
62 96 0
63 8 0
63 10 2
63 27 4
63 44 3
63 53 4
63 59 4
63 61 4
63 63 3
63 64 3
63 65 1
63 66 2
63 70 2
63 74 0
63 77 0
63 83 2
63 89 0
63 97 2
64 10 3
64 13 0
64 15 2
64 42 2
64 52 0
64 68 4
64 72 1
64 73 4
64 77 0
65 5 2
65 15 1
65 25 3
65 29 0
65 34 2
65 39 2
65 40 1
65 52 0
65 76 4
66 1 2
66 2 2
66 5 0
66 22 3
66 41 2
66 45 2
66 66 0
66 69 1
66 79 2
66 86 4
66 97 0
67 6 1
67 29 4
67 64 4
67 72 1
67 76 4
67 81 1
67 86 4
67 88 3
67 97 2
68 12 2
68 19 4
68 29 2
68 39 1
68 72 1
68 78 4
68 81 3
68 82 2
68 88 0
68 92 2
68 94 4
69 21 1
69 50 4
69 58 4
69 62 0
69 63 3
69 76 4
69 85 1
69 98 3
70 4 2
70 23 4
70 24 2
70 28 3
70 44 4
70 47 1
70 52 4
70 63 1
70 77 4
70 91 3
71 2 2
71 37 1
71 43 1
71 46 0
71 67 1
71 76 2
71 86 1
72 1 1
72 18 2
72 20 2
72 32 3
72 36 0
72 50 2
72 62 1
72 89 0
72 95 3
73 6 2
73 11 2
73 17 4
73 22 1
73 35 0
73 41 4
73 45 1
73 47 0
73 50 1
73 56 0
73 64 4
73 71 2
73 80 4
73 89 0
73 94 4
74 6 0
74 31 3
74 33 4
74 45 2
74 52 0
74 57 4
74 97 0
75 14 3
75 34 0
75 41 2
75 52 4
75 54 3
75 84 3
76 7 0
76 9 2
76 19 4
76 24 3
76 27 4
76 32 3
76 38 3
76 42 2
76 44 1
76 51 2
76 56 4
76 60 0
76 80 4
76 86 2
76 94 1
76 96 2
77 20 4
77 30 1
77 37 0
77 40 1
77 41 3
77 44 1
77 47 3
77 70 4
77 71 0
77 87 3
78 1 1
78 5 1
78 16 1
78 18 3
78 23 2
78 46 2
78 63 2
78 72 0
78 81 3
78 92 1
79 4 2
79 6 2
79 14 4
79 34 1
79 39 1
79 43 2
79 60 0
79 78 4
79 85 1
79 89 1
80 17 2
80 59 4
80 66 3
80 68 3
80 71 1
80 98 3
81 6 1
81 18 0
81 28 0
81 39 1
81 82 0
81 85 4
81 86 3
82 24 3
82 35 0
82 69 4
82 73 2
82 82 1
83 19 1
83 35 4
83 37 1
83 55 0
83 84 1
83 89 4
83 96 3
84 5 1
84 12 2
84 16 0
84 18 2
84 32 2
84 45 0
84 51 4
84 53 3
84 59 3
84 62 1
84 68 2
84 77 3
84 80 0
84 84 1
84 89 4
84 95 0
84 99 2
85 17 3
85 33 0
85 49 0
85 55 0
85 56 1
85 65 4
85 66 0
85 75 0
85 78 3
85 92 3
85 99 1
86 2 3
86 12 2
86 36 1
86 41 4
86 58 3
86 59 0
86 84 3
86 90 0
86 91 0
86 92 4
87 5 2
87 25 0
87 34 2
87 36 0
87 43 2
87 49 0
87 57 2
87 65 4
87 70 0
87 84 1
88 4 1
88 9 2
88 15 4
88 20 4
88 37 2
88 45 2
88 48 1
88 67 3
88 70 1
88 82 3
89 6 1
89 8 1
89 10 3
89 21 0
89 28 2
89 42 2
89 52 4
89 54 0
90 1 2
90 10 1
90 20 0
90 48 1
90 55 4
90 56 3
90 77 0
90 83 1
90 85 4
90 90 0
90 93 4
91 2 4
91 8 2
91 30 1
91 34 2
91 46 2
91 51 0
91 53 3
91 71 1
91 72 1
91 87 3
91 97 2
92 11 3
92 23 4
92 24 3
92 27 3
92 31 0
92 45 0
92 49 3
92 54 2
92 82 2
92 93 4
93 13 3
93 16 4
93 22 4
93 24 4
93 27 1
93 33 1
93 60 1
93 80 3
93 83 3
94 17 0
94 25 1
94 34 3
94 39 3
94 40 1
94 43 4
94 49 3
94 50 1
94 55 3
94 61 0
94 76 2
94 85 0
94 88 0
95 2 0
95 7 0
95 13 3
95 19 1
95 20 0
95 26 4
95 47 3
95 57 3
95 62 4
95 67 1
95 68 3
95 84 3
96 15 3
96 21 2
96 33 2
96 63 3
96 72 4
96 73 1
96 78 4
96 94 4
96 95 1
96 97 1
97 6 2
97 8 4
97 9 1
97 15 2
97 18 2
97 36 1
97 67 1
97 93 4
97 95 2
97 97 3
98 4 4
98 16 3
98 24 2
98 30 0
98 31 3
98 56 1
98 57 3
98 86 2
98 99 2
99 2 2
99 13 0
99 17 1
99 48 4
99 81 1
99 91 0
