100
100
3000 3000 3000 3000 3000 3000 3000 3000 3000 3000 3000 3000 3000 3000 3000 3000 3000 3000 3000 3000 3000 3000 3000 3000 3000 3000 3000 3000 3000 3000 3000 3000 3000 3000 3000 3000 3000 3000 3000 3000 3000 3000 3000 3000 3000 3000 3000 3000 3000 3000 3000 3000 3000 3000 3000 3000 3000 3000 3000 3000 3000 3000 3000 3000 3000 3000 3000 3000 3000 3000 3000 3000 3000 3000 3000 3000 3000 3000 3000 3000 3000 3000 3000 3000 3000 3000 3000 3000 3000 3000 3000 3000 3000 3000 3000 3000 3000 3000 3000 3000
0 13 4
0 21 0
0 35 2
0 50 3
0 54 0
0 62 2
0 67 1
0 81 0
0 82 4
0 87 4
1 6 0
1 8 0
1 10 2
1 12 4
1 47 1
1 49 4
1 50 1
1 61 1
1 77 3
1 94 0
2 1 4
2 12 3
2 36 1
2 40 2
2 41 2
2 45 4
2 65 0
2 78 2
2 90 1
2 94 3
3 4 1
3 16 1
3 31 4
3 32 0
3 37 4
3 44 3
3 76 3
3 82 4
3 84 4
3 98 3
4 5 4
4 34 3
4 36 1
4 57 1
4 61 2
4 62 2
4 63 2
4 70 4
4 77 4
4 99 2
5 2 0
5 19 0
5 23 2
5 39 2
5 55 1
5 68 3
5 69 1
5 73 2
5 74 2
5 94 3
6 23 3
6 26 4
6 28 1
6 32 2
6 36 0
6 48 2
6 49 0
6 53 1
6 64 2
6 77 3
7 7 2
7 20 1
7 41 0
7 63 2
7 75 1
7 76 0
7 82 2
7 90 0
7 91 1
7 92 2
8 7 0
8 12 1
8 25 0
8 29 3
8 32 3
8 33 3
8 44 0
8 50 2
8 78 0
8 94 0
9 5 3
9 8 1
9 30 0
9 31 4
9 38 0
9 45 4
9 51 3
9 64 2
9 71 3
9 75 0
10 4 0
10 14 0
10 16 4
10 34 4
10 35 0
10 66 3
10 68 2
10 70 3
10 72 2
10 76 3
11 23 2
11 31 0
11 36 4
11 38 1
11 51 3
11 53 0
11 59 3
11 67 2
11 80 4
11 81 4
12 6 1
12 9 2
12 47 3
12 50 0
12 53 0
12 62 2
12 66 3
12 74 3
12 80 3
12 96 2
13 9 2
13 28 1
13 33 2
13 57 4
13 64 0
13 66 2
13 72 3
13 77 4
13 80 1
13 97 3
14 1 2
14 6 4
14 8 3
14 36 1
14 51 3
14 58 2
14 66 1
14 75 2
14 91 3
14 98 2
15 3 1
15 39 2
15 53 4
15 54 0
15 55 2
15 56 0
15 59 3
15 76 0
15 80 2
15 83 0
16 2 0
16 21 0
16 29 4
16 44 4
16 54 2
16 58 3
16 60 3
16 68 4
16 83 0
16 87 3
17 2 4
17 8 1
17 9 3
17 15 3
17 27 1
17 37 2
17 40 2
17 46 3
17 62 4
17 67 0
18 0 3
18 12 1
18 16 1
18 17 0
18 55 3
18 59 4
18 65 2
18 69 1
18 91 2
18 94 4
19 32 4
19 37 0
19 51 0
19 57 0
19 59 4
19 60 1
19 62 1
19 68 4
19 89 2
19 94 1
20 4 3
20 27 3
20 39 0
20 51 2
20 54 3
20 65 4
20 67 2
20 68 4
20 80 4
20 93 4
21 13 4
21 32 3
21 40 2
21 51 4
21 76 2
21 84 2
21 85 4
21 86 0
21 89 0
21 98 4
22 0 0
22 3 1
22 16 2
22 27 2
22 29 4
22 34 3
22 68 3
22 72 1
22 74 3
22 75 2
23 6 0
23 11 1
23 43 1
23 56 4
23 62 1
23 68 2
23 73 4
23 82 3
23 87 1
23 99 3
24 3 2
24 10 3
24 26 2
24 50 2
24 67 3
24 70 1
24 71 1
24 79 4
24 91 0
24 93 4
25 5 3
25 18 1
25 30 0
25 31 2
25 34 1
25 49 2
25 53 1
25 54 1
25 55 1
25 92 1
26 1 4
26 3 0
26 35 0
26 40 0
26 59 2
26 68 0
26 70 2
26 76 0
26 79 3
26 85 2
27 4 2
27 8 4
27 29 4
27 42 1
27 48 0
27 51 0
27 62 2
27 69 2
27 76 3
27 85 1
28 11 0
28 15 1
28 28 4
28 47 2
28 64 4
28 65 4
28 68 1
28 71 0
28 78 2
28 83 0
29 0 3
29 21 4
29 30 1
29 33 2
29 54 3
29 58 0
29 59 2
29 62 3
29 87 4
29 94 0
30 0 2
30 32 2
30 34 2
30 46 1
30 55 1
30 76 2
30 80 1
30 87 1
30 92 2
30 93 0
31 0 3
31 1 2
31 10 3
31 18 1
31 24 3
31 33 2
31 57 4
31 58 4
31 70 1
31 96 4
32 46 3
32 49 0
32 55 2
32 57 0
32 61 1
32 62 1
32 68 0
32 80 3
32 89 2
32 90 3
33 3 3
33 4 3
33 15 0
33 18 1
33 36 0
33 37 1
33 70 3
33 75 4
33 76 3
33 87 4
34 4 1
34 6 2
34 8 1
34 18 1
34 19 1
34 36 1
34 56 3
34 77 4
34 86 2
34 96 0
35 3 4
35 5 0
35 9 1
35 18 3
35 41 0
35 47 4
35 50 3
35 76 1
35 91 0
35 95 1
36 9 3
36 13 0
36 37 3
36 49 4
36 58 3
36 66 2
36 72 3
36 84 3
36 93 1
36 98 2
37 14 0
37 36 2
37 55 4
37 56 1
37 57 0
37 58 4
37 67 1
37 75 0
37 87 2
37 93 2
38 1 4
38 6 1
38 18 3
38 30 1
38 43 4
38 50 4
38 79 4
38 92 2
38 96 0
38 98 4
39 1 2
39 2 0
39 6 3
39 34 0
39 41 1
39 53 3
39 77 1
39 91 2
39 95 2
39 97 3
40 16 3
40 23 2
40 31 3
40 36 4
40 44 0
40 61 2
40 77 4
40 82 0
40 83 0
40 93 2
41 3 2
41 4 2
41 34 3
41 44 3
41 49 0
41 56 0
41 72 4
41 77 2
41 82 0
41 87 2
42 19 1
42 23 4
42 26 0
42 35 0
42 68 3
42 69 1
42 85 2
42 88 3
42 89 3
42 96 3
43 7 4
43 17 4
43 27 4
43 43 3
43 47 2
43 67 1
43 72 1
43 76 3
43 79 3
43 85 3
44 10 2
44 17 0
44 20 3
44 26 1
44 36 4
44 47 1
44 48 0
44 49 3
44 63 2
44 72 4
45 2 3
45 7 4
45 25 2
45 26 2
45 28 3
45 32 0
45 51 1
45 55 3
45 86 2
45 92 2
46 5 1
46 18 1
46 20 4
46 25 0
46 28 2
46 31 4
46 40 4
46 70 2
46 72 3
46 81 2
47 3 2
47 41 2
47 45 3
47 47 4
47 62 3
47 63 1
47 69 2
47 78 3
47 82 0
47 84 0
48 12 0
48 32 3
48 37 4
48 49 3
48 55 2
48 66 0
48 67 2
48 72 0
48 81 1
48 88 1
49 20 0
49 30 3
49 37 0
49 39 2
49 42 2
49 60 3
49 64 3
49 69 1
49 72 0
49 80 3
50 27 3
50 32 3
50 43 1
50 44 0
50 46 0
50 47 4
50 54 4
50 79 1
50 93 3
50 94 1
51 0 1
51 11 3
51 12 3
51 16 1
51 17 3
51 41 2
51 59 0
51 72 4
51 81 0
51 96 2
52 10 2
52 17 1
52 41 4
52 45 2
52 64 4
52 66 1
52 81 1
52 82 4
52 85 4
52 91 3
53 25 1
53 27 3
53 30 0
53 32 2
53 68 0
53 69 2
53 71 4
53 80 3
53 82 3
53 92 1
54 8 0
54 17 1
54 20 1
54 39 2
54 46 4
54 48 3
54 52 3
54 80 2
54 81 2
54 94 4
55 22 4
55 30 3
55 38 3
55 51 0
55 52 3
55 60 1
55 71 2
55 81 0
55 84 2
55 99 1
56 4 0
56 12 3
56 43 1
56 49 2
56 58 0
56 69 0
56 70 0
56 79 1
56 87 2
56 92 0
57 5 3
57 9 0
57 33 4
57 34 4
57 45 1
57 62 2
57 65 0
57 70 0
57 73 2
57 94 0
58 5 1
58 13 2
58 15 0
58 38 0
58 58 1
58 68 1
58 76 0
58 77 3
58 80 0
58 93 2
59 5 2
59 23 0
59 26 2
59 36 4
59 38 0
59 39 0
59 60 1
59 81 4
59 87 2
59 94 2
60 14 2
60 16 1
60 53 1
60 71 0
60 78 3
60 79 2
60 80 4
60 84 1
60 88 0
60 94 3
61 14 4
61 24 0
61 32 2
61 35 1
61 46 3
61 58 1
61 67 2
61 73 2
61 82 2
61 91 4
62 3 2
62 11 1
62 16 2
62 17 0
62 21 4
62 25 0
62 53 3
62 68 1
62 78 4
62 81 1
63 19 2
63 30 4
63 31 2
63 37 4
63 43 4
63 58 1
63 64 1
63 74 2
63 84 0
63 85 1
64 6 4
64 17 2
64 42 4
64 47 3
64 58 1
64 65 1
64 66 3
64 87 1
64 95 3
64 96 2
65 13 0
65 19 1
65 21 2
65 38 4
65 56 1
65 66 1
65 70 0
65 83 3
65 86 2
65 91 3
66 16 4
66 53 0
66 55 4
66 73 4
66 74 4
66 81 2
66 83 2
66 84 1
66 85 3
66 90 0
67 4 2
67 13 3
67 18 1
67 31 4
67 46 1
67 74 0
67 78 1
67 83 0
67 94 3
67 95 4
68 6 3
68 31 2
68 33 4
68 36 1
68 42 4
68 43 3
68 49 1
68 50 4
68 71 3
68 74 3
69 11 1
69 13 4
69 36 0
69 41 3
69 51 3
69 65 0
69 71 4
69 79 4
69 89 4
69 99 3
70 1 3
70 10 2
70 14 1
70 15 2
70 26 2
70 29 2
70 47 2
70 48 1
70 57 3
70 73 4
71 19 2
71 20 3
71 34 1
71 35 2
71 58 1
71 61 0
71 78 3
71 84 4
71 87 3
71 94 3
72 5 1
72 12 2
72 34 1
72 35 1
72 43 2
72 52 0
72 53 2
72 55 2
72 83 2
72 91 0
73 10 4
73 31 0
73 32 0
73 34 0
73 47 3
73 54 2
73 60 3
73 62 2
73 74 1
73 95 4
74 5 2
74 18 0
74 22 0
74 26 0
74 31 4
74 34 0
74 63 4
74 65 3
74 69 2
74 87 2
75 7 4
75 23 2
75 24 3
75 28 1
75 31 2
75 35 3
75 36 3
75 65 3
75 83 0
75 86 2
76 3 3
76 9 1
76 12 1
76 23 1
76 31 0
76 34 0
76 40 0
76 48 1
76 65 2
76 82 4
77 13 0
77 21 1
77 36 2
77 51 4
77 54 4
77 60 3
77 77 1
77 81 1
77 89 3
77 90 4
78 18 2
78 31 4
78 40 2
78 47 1
78 51 2
78 57 2
78 75 4
78 78 4
78 84 3
78 95 4
79 6 1
79 26 0
79 30 2
79 46 0
79 51 4
79 69 0
79 82 1
79 87 3
79 93 3
79 94 0
80 2 2
80 16 1
80 33 3
80 40 1
80 43 0
80 56 4
80 61 1
80 64 4
80 88 4
80 95 4
81 0 2
81 25 3
81 38 1
81 39 4
81 44 1
81 49 1
81 74 4
81 90 3
81 98 1
81 99 4
82 11 4
82 27 1
82 28 0
82 33 3
82 35 4
82 42 0
82 70 3
82 73 3
82 92 4
82 94 2
83 7 2
83 9 1
83 10 2
83 30 4
83 41 0
83 42 3
83 46 2
83 74 3
83 91 3
83 92 2
84 3 2
84 7 3
84 9 1
84 33 3
84 38 0
84 50 3
84 81 2
84 86 1
84 87 2
84 92 0
85 25 1
85 30 1
85 31 3
85 41 2
85 60 3
85 68 3
85 76 1
85 78 4
85 83 2
85 87 4
86 14 0
86 54 1
86 56 3
86 66 2
86 79 3
86 85 2
86 93 0
86 95 1
86 96 1
86 99 2
87 4 2
87 7 4
87 12 3
87 20 4
87 27 4
87 38 3
87 49 4
87 78 2
87 89 1
87 92 0
88 0 3
88 2 4
88 3 4
88 27 2
88 41 0
88 53 3
88 57 0
88 62 0
88 84 0
88 98 0
89 10 2
89 18 4
89 20 0
89 24 4
89 39 0
89 45 3
89 47 3
89 59 3
89 69 3
89 86 2
90 3 2
90 5 2
90 11 4
90 58 0
90 59 2
90 65 1
90 71 1
90 85 2
90 92 3
90 99 4
91 1 1
91 5 3
91 13 4
91 16 3
91 41 2
91 46 4
91 49 0
91 81 0
91 85 1
91 99 4
92 12 0
92 18 3
92 20 4
92 26 0
92 46 0
92 55 2
92 65 0
92 77 4
92 78 0
92 88 4
93 2 3
93 5 2
93 37 1
93 52 1
93 60 1
93 61 3
93 66 2
93 68 4
93 78 2
93 98 3
94 10 0
94 14 0
94 24 0
94 33 0
94 52 4
94 65 0
94 66 0
94 70 1
94 94 2
94 99 1
95 2 2
95 4 4
95 7 0
95 12 1
95 22 0
95 39 1
95 50 0
95 51 2
95 61 3
95 94 0
96 1 4
96 8 2
96 12 1
96 15 0
96 16 2
96 17 2
96 35 1
96 48 4
96 70 2
96 93 3
97 14 4
97 23 2
97 27 3
97 29 3
97 37 0
97 40 2
97 46 4
97 57 1
97 66 0
97 98 3
98 2 2
98 29 3
98 66 4
98 68 0
98 75 4
98 77 2
98 78 2
98 86 2
98 89 4
98 98 4
99 3 1
99 6 2
99 42 2
99 43 4
99 44 4
99 45 3
99 64 0
99 73 4
99 80 2
99 95 3
