100
100
3000 3000 3000 3000 3000 3000 3000 3000 3000 3000 3000 3000 3000 3000 3000 3000 3000 3000 3000 3000 3000 3000 3000 3000 3000 3000 3000 3000 3000 3000 3000 3000 3000 3000 3000 3000 3000 3000 3000 3000 3000 3000 3000 3000 3000 3000 3000 3000 3000 3000 3000 3000 3000 3000 3000 3000 3000 3000 3000 3000 3000 3000 3000 3000 3000 3000 3000 3000 3000 3000 3000 3000 3000 3000 3000 3000 3000 3000 3000 3000 3000 3000 3000 3000 3000 3000 3000 3000 3000 3000 3000 3000 3000 3000 3000 3000 3000 3000 3000 3000
0 3 3
0 31 0
0 47 3
0 53 1
0 62 1
0 65 0
0 68 0
0 93 4
0 96 2
1 1 2
1 2 0
1 4 2
1 46 2
1 60 3
1 76 2
1 79 4
2 3 0
2 14 1
2 31 1
2 48 1
2 52 3
2 59 1
2 62 4
2 89 3
3 4 1
3 11 3
3 21 2
3 34 0
3 63 4
3 69 2
3 73 1
3 89 0
3 93 1
3 96 2
4 29 4
4 44 0
4 48 4
4 52 0
4 56 0
4 64 3
4 68 0
4 85 4
4 92 3
5 10 0
5 12 2
5 22 0
5 33 2
5 34 4
5 36 3
5 41 0
5 43 3
5 65 3
5 82 4
5 83 1
5 96 4
6 9 1
6 15 2
6 26 4
6 51 2
6 69 0
6 76 0
6 80 0
6 81 4
6 83 0
6 89 0
7 31 2
7 36 4
7 44 3
7 53 3
7 60 1
7 92 4
7 93 1
7 98 0
8 14 2
8 17 2
8 23 3
8 63 0
8 70 1
8 72 3
8 78 4
8 80 0
8 85 0
8 89 2
8 91 4
8 94 1
8 98 0
9 10 4
9 23 3
9 38 0
9 41 3
9 46 0
9 55 4
9 64 4
9 67 2
9 70 2
9 89 1
9 90 4
9 96 4
9 97 0
10 7 3
10 14 4
10 23 3
10 46 3
10 55 3
10 64 3
10 67 3
10 79 1
10 99 1
11 22 3
11 30 4
11 54 2
11 64 1
11 65 4
11 77 3
11 86 2
11 87 4
11 91 0
11 94 2
12 9 2
12 14 3
12 25 4
12 26 2
12 32 4
12 68 3
12 71 0
12 76 2
12 77 3
12 87 4
12 94 1
12 95 1
12 98 3
13 1 4
13 11 1
13 15 2
13 16 3
13 21 0
13 28 1
13 30 1
13 60 3
13 79 4
13 95 4
14 4 4
14 13 2
14 38 2
14 40 0
14 46 0
14 61 1
14 73 0
14 78 1
14 91 3
14 93 2
15 1 3
15 12 0
15 21 1
15 46 0
15 53 3
15 63 2
15 90 2
15 92 4
15 95 1
16 17 4
16 20 4
16 21 4
16 47 0
16 62 3
16 63 3
16 69 4
16 73 0
16 83 4
16 89 2
16 97 2
17 0 3
17 3 0
17 20 2
17 38 2
17 49 1
17 65 4
17 66 4
17 67 4
17 72 4
17 73 3
17 81 0
17 93 3
17 96 0
18 3 2
18 4 2
18 13 2
18 17 0
18 45 2
18 54 1
18 55 2
18 72 3
18 74 1
18 76 2
18 85 3
18 90 1
19 1 2
19 8 2
19 14 1
19 15 0
19 17 2
19 20 0
19 23 4
19 30 1
19 57 4
19 68 4
19 82 0
19 84 4
19 88 2
20 13 1
20 31 1
20 34 0
20 54 4
20 55 1
20 62 4
20 69 0
20 76 0
20 78 3
20 81 4
20 90 0
20 91 1
20 92 0
20 97 3
20 99 1
21 10 4
21 17 0
21 19 2
21 20 3
21 22 3
21 26 3
21 52 1
21 70 4
21 76 0
21 82 1
22 11 1
22 22 1
22 25 1
22 30 1
22 42 0
22 65 3
22 67 1
22 87 0
22 96 0
23 10 2
23 25 3
23 30 1
23 43 3
23 46 3
23 48 0
23 63 0
23 65 1
23 73 3
23 74 3
23 75 2
23 98 4
24 10 2
24 13 3
24 35 2
24 48 1
24 52 0
24 53 2
24 64 4
25 6 2
25 7 3
25 9 0
25 17 3
25 27 4
25 32 2
25 44 0
25 64 1
25 69 4
25 70 3
25 93 2
25 97 4
26 24 0
26 39 1
26 58 1
27 14 3
27 16 0
27 20 4
27 21 3
27 33 3
27 46 3
27 47 4
27 71 3
27 75 1
27 88 0
27 97 1
28 29 4
28 50 0
28 57 1
28 69 0
28 72 4
28 87 4
29 2 0
29 19 2
29 20 1
29 22 4
29 27 4
29 28 0
29 31 2
29 53 4
29 57 2
29 67 2
29 75 3
29 80 4
30 1 4
30 10 3
30 18 2
30 22 4
30 26 1
30 59 3
30 67 3
30 77 4
30 78 2
30 91 4
30 93 2
31 26 3
31 45 4
31 50 1
31 54 4
31 95 3
32 1 2
32 5 1
32 19 1
32 39 3
32 53 3
32 54 1
32 73 4
32 83 3
32 88 2
32 94 4
32 97 1
33 12 2
33 36 0
33 55 2
33 63 3
33 67 0
33 68 0
33 74 1
34 18 2
34 19 2
34 24 2
34 26 0
34 30 2
34 42 3
34 53 4
34 76 3
34 77 4
34 86 4
34 87 3
35 14 2
35 16 4
35 29 4
35 36 1
35 42 2
35 44 1
35 54 1
35 56 2
35 82 3
35 87 4
35 91 3
36 42 4
36 43 4
36 57 0
36 67 4
36 78 3
36 98 1
37 3 4
37 5 1
37 6 2
37 18 3
37 21 1
37 31 2
37 34 2
37 40 2
37 49 3
37 52 3
37 65 1
37 72 1
37 92 0
38 33 4
38 51 3
38 59 4
38 70 3
38 75 4
38 78 1
38 81 1
38 83 0
39 8 2
39 12 0
39 19 1
39 27 0
39 35 3
39 57 3
39 62 1
39 70 4
39 77 4
39 88 2
39 89 3
40 31 0
40 32 3
40 45 0
40 98 0
41 4 3
41 25 4
41 36 3
41 48 2
41 51 3
41 59 3
41 74 1
41 97 4
42 2 0
42 3 2
42 4 2
42 5 3
42 18 0
42 42 4
42 47 4
42 52 4
42 53 4
42 62 0
42 68 2
43 2 4
43 6 4
43 11 3
43 13 1
43 14 0
43 20 3
43 24 1
43 32 0
43 37 2
43 42 4
43 51 4
43 66 1
43 79 3
43 84 0
44 2 4
44 5 3
44 12 1
44 39 0
44 53 3
44 84 1
45 0 3
45 6 1
45 32 4
45 34 4
45 38 0
45 43 2
45 63 1
45 65 0
45 74 1
45 84 1
45 92 0
46 11 0
46 34 2
46 37 0
46 47 0
46 57 1
46 62 3
46 70 2
46 90 3
47 9 2
47 18 1
47 32 2
47 70 4
47 71 2
48 5 3
48 22 0
48 23 4
48 26 1
48 48 1
48 85 3
48 94 0
49 8 2
49 11 4
49 34 0
49 39 3
49 47 4
49 49 2
49 86 2
49 92 3
49 95 4
50 24 1
50 40 1
50 51 2
50 55 1
50 66 0
51 0 4
51 1 0
51 4 0
51 12 2
51 23 3
51 27 3
51 36 0
51 45 2
51 73 2
51 80 4
51 90 3
52 2 0
52 9 1
52 57 2
52 58 2
52 61 1
52 64 1
52 67 0
52 68 1
53 3 0
53 29 4
53 34 0
53 47 3
53 62 4
53 65 3
53 68 4
53 69 1
53 81 1
53 92 4
54 0 1
54 8 4
54 18 3
54 23 2
54 49 0
54 50 0
54 80 2
54 81 2
54 86 3
54 90 2
54 91 4
54 93 1
54 97 0
55 6 3
55 9 2
55 12 3
55 24 3
55 29 3
55 31 1
55 33 3
55 46 1
55 49 3
55 60 3
55 68 0
55 71 0
55 86 1
55 95 2
56 10 1
56 11 1
56 26 2
56 28 4
56 36 4
56 82 0
56 94 3
56 96 3
57 7 3
57 17 2
57 20 3
57 30 3
57 35 2
57 45 4
57 55 1
57 57 0
57 75 0
58 11 2
58 18 3
58 21 0
58 25 3
58 38 0
58 50 2
58 59 0
58 64 0
58 75 2
58 89 2
59 1 2
59 38 4
59 54 2
59 58 1
59 66 3
59 71 2
59 94 3
60 2 2
60 6 3
60 21 1
60 28 2
60 52 2
60 73 2
60 74 1
60 79 2
61 6 1
61 9 4
61 19 4
61 32 4
61 38 1
61 43 2
61 56 4
61 85 0
61 86 4
62 0 3
62 5 4
62 10 0
62 12 3
62 15 4
62 20 0
62 42 1
62 53 0
62 57 2
62 71 4
62 72 2
62 78 1
63 2 3
63 7 2
63 16 0
63 22 2
63 33 2
63 36 2
63 44 1
63 48 4
63 61 3
63 66 0
63 72 2
63 75 3
63 77 1
63 80 0
63 82 3
63 84 3
63 91 0
64 5 0
64 21 1
64 24 3
64 25 1
64 27 4
64 40 3
64 44 4
64 74 0
64 77 3
64 80 2
65 0 0
65 8 1
65 35 0
65 40 2
65 45 3
65 51 1
65 54 4
65 90 4
66 4 1
66 8 2
66 11 4
66 12 1
66 13 3
66 19 1
66 35 2
66 43 0
66 47 3
66 48 3
66 58 0
66 60 3
66 87 3
66 92 1
67 15 4
67 40 2
67 79 1
67 80 0
67 86 3
67 87 1
67 89 4
68 7 4
68 16 2
68 26 1
68 33 4
68 40 0
68 48 2
68 49 3
68 65 1
68 86 4
69 0 0
69 6 2
69 7 2
69 8 3
69 16 0
69 21 1
69 28 3
69 39 4
69 54 1
69 58 2
69 59 2
69 88 4
70 35 0
70 37 2
70 43 1
70 44 2
70 49 0
70 50 4
70 58 3
70 61 0
70 74 3
70 96 1
70 99 4
71 9 1
71 22 2
71 27 1
71 29 2
71 32 4
71 37 2
71 41 0
71 43 3
71 79 2
71 84 0
71 94 4
72 9 2
72 24 0
72 27 0
72 46 3
72 79 1
73 27 2
73 35 1
73 66 1
73 89 0
73 97 4
74 13 1
74 19 3
74 24 1
74 25 0
74 36 4
74 41 0
74 46 3
74 59 4
74 61 4
74 70 0
74 74 4
74 85 1
74 91 3
74 93 0
74 95 0
74 98 1
75 3 3
75 4 2
75 7 1
75 17 1
75 32 4
75 58 0
75 61 2
75 85 4
76 4 3
76 15 3
76 29 4
76 33 3
76 34 0
76 43 3
76 51 3
76 59 4
76 60 2
76 63 3
76 77 3
77 3 4
77 5 1
77 11 0
77 15 2
77 28 4
77 52 4
77 55 1
77 61 0
77 68 0
77 71 2
77 82 4
77 95 3
77 96 2
77 98 1
78 7 2
78 9 1
78 27 0
78 33 0
78 36 3
78 44 3
78 58 4
78 66 2
78 75 2
78 78 3
78 82 2
78 93 1
79 0 2
79 15 4
79 34 4
79 37 0
79 38 3
79 51 4
79 52 3
79 56 1
79 64 4
79 76 0
79 86 0
80 8 4
80 29 0
80 44 1
80 59 1
80 83 4
80 84 0
80 85 0
80 99 1
81 0 4
81 7 0
81 13 4
81 16 1
81 29 2
81 41 2
81 42 4
81 50 3
81 54 1
81 59 3
81 72 4
81 81 0
81 83 4
82 1 2
82 8 2
82 27 4
82 31 1
82 32 2
82 39 2
82 40 0
82 42 1
82 47 1
82 56 1
82 66 0
83 16 4
83 30 3
83 38 0
83 51 2
83 69 3
83 71 1
83 72 3
83 78 1
83 81 0
83 88 0
83 99 2
84 7 2
84 25 2
84 28 2
84 39 0
84 41 0
84 60 1
84 61 4
84 62 4
84 63 2
84 79 3
84 87 3
85 5 4
85 14 2
85 17 4
85 18 0
85 37 2
85 45 0
85 47 1
85 49 2
85 55 2
85 71 3
85 98 3
85 99 0
86 19 1
86 22 2
86 28 1
86 30 1
86 31 4
86 37 4
86 39 4
86 50 1
86 58 3
86 62 1
86 69 0
86 78 4
86 88 4
87 6 1
87 10 4
87 37 1
87 38 0
87 42 4
87 45 1
87 48 2
87 50 2
87 84 2
88 0 2
88 5 2
88 12 1
88 25 1
88 33 3
88 56 4
88 67 3
88 70 2
88 76 1
88 85 2
88 98 4
89 23 4
89 35 2
89 50 2
89 56 1
89 57 3
89 60 0
89 73 2
89 83 4
89 84 4
89 88 2
89 99 2
90 37 2
90 41 3
90 56 0
90 60 2
90 71 2
90 80 4
90 82 1
90 83 0
90 85 2
90 88 3
90 90 3
91 8 3
91 20 2
91 28 3
91 63 4
91 72 2
92 15 4
92 17 1
92 19 0
92 39 0
92 51 3
92 56 1
92 75 2
92 81 4
92 86 2
92 99 0
93 1 3
93 2 1
93 13 0
93 18 1
93 23 1
93 30 2
93 35 3
93 40 4
93 49 1
93 73 0
93 77 4
93 94 1
93 95 3
93 99 2
94 2 2
94 13 1
94 18 4
94 29 4
94 35 2
94 41 2
94 44 2
94 60 1
94 61 4
94 75 4
94 87 0
94 88 1
94 99 4
95 10 2
95 16 0
95 24 1
95 45 0
95 50 4
95 80 2
96 3 1
96 16 4
96 24 3
96 40 3
96 43 2
96 90 0
96 92 2
96 95 3
96 97 0
97 14 1
97 23 4
97 37 1
97 39 3
97 41 4
97 49 1
97 61 1
97 74 2
97 83 3
97 84 2
97 96 3
98 6 2
98 15 0
98 41 1
98 45 2
98 52 0
98 55 0
98 56 3
98 64 2
98 66 1
98 76 2
98 77 4
98 81 1
98 91 2
98 94 0
99 25 0
99 26 0
99 28 2
99 33 1
99 58 3
99 66 2
99 69 1
99 79 4
99 82 4
