100
100
3000 3000 3000 3000 3000 3000 3000 3000 3000 3000 3000 3000 3000 3000 3000 3000 3000 3000 3000 3000 3000 3000 3000 3000 3000 3000 3000 3000 3000 3000 3000 3000 3000 3000 3000 3000 3000 3000 3000 3000 3000 3000 3000 3000 3000 3000 3000 3000 3000 3000 3000 3000 3000 3000 3000 3000 3000 3000 3000 3000 3000 3000 3000 3000 3000 3000 3000 3000 3000 3000 3000 3000 3000 3000 3000 3000 3000 3000 3000 3000 3000 3000 3000 3000 3000 3000 3000 3000 3000 3000 3000 3000 3000 3000 3000 3000 3000 3000 3000 3000
0 11 0
0 23 2
0 25 3
0 48 4
0 57 3
0 75 0
0 77 4
0 82 1
0 87 2
0 90 0
0 99 3
1 1 3
1 7 4
1 9 3
1 11 3
1 30 4
1 38 4
1 54 4
1 56 4
1 68 3
1 72 0
1 78 2
1 96 1
2 6 3
2 8 2
2 20 3
2 21 0
2 27 3
2 29 0
2 37 3
2 39 2
2 44 2
2 61 0
2 88 2
2 96 3
2 99 2
3 12 3
3 13 4
3 30 3
3 50 3
3 55 2
3 59 3
3 62 2
3 69 0
3 71 3
3 76 0
3 83 4
3 86 0
3 89 3
3 93 4
4 0 3
4 4 3
4 8 3
4 15 0
4 39 4
4 40 3
4 42 0
4 48 3
4 50 0
4 60 4
4 61 4
4 68 4
4 73 1
4 79 2
4 84 3
4 85 2
4 88 2
5 9 2
5 18 1
5 25 2
5 28 4
5 36 1
5 54 1
5 56 1
5 60 0
5 69 1
5 73 4
5 81 2
5 93 4
5 94 4
5 96 1
5 98 4
6 18 2
6 20 1
6 28 3
6 53 1
6 55 2
6 69 3
6 77 1
6 83 3
7 8 1
7 37 2
7 65 4
7 67 4
7 68 2
7 81 1
7 83 3
8 0 4
8 33 1
8 34 0
8 47 2
8 52 3
8 53 2
8 59 1
8 77 1
8 84 2
8 99 1
9 17 1
9 46 3
9 51 0
9 55 4
9 65 0
9 74 1
9 88 3
9 99 1
10 9 2
10 26 1
10 44 4
10 45 1
10 55 1
10 57 3
10 65 3
10 89 3
10 91 0
10 95 0
11 5 2
11 7 1
11 44 2
11 49 3
11 79 2
11 80 1
11 88 4
11 89 0
12 14 4
12 16 0
12 29 1
12 33 0
12 39 2
12 48 1
12 52 4
12 54 2
12 58 4
12 60 4
12 70 3
12 84 0
13 12 0
13 16 4
13 32 2
13 34 1
13 49 0
13 69 3
14 1 0
14 28 2
14 42 0
14 58 1
14 63 1
14 64 0
14 95 2
15 6 4
15 11 3
15 12 0
15 15 4
15 22 1
15 25 4
15 55 0
15 60 1
15 63 3
15 66 0
15 79 2
15 81 2
15 83 4
15 97 3
16 0 1
16 28 0
16 34 2
16 49 2
16 81 0
16 83 2
16 89 2
16 93 1
17 4 2
17 19 1
17 32 2
17 40 1
17 59 2
17 72 4
18 4 4
18 5 1
18 23 1
18 28 2
18 40 1
18 43 1
18 46 3
18 63 1
18 77 1
18 79 0
18 82 3
18 98 0
19 13 4
19 34 1
19 64 4
19 87 0
19 96 1
20 3 2
20 16 0
20 23 2
20 37 1
20 39 2
20 43 2
20 51 1
20 95 3
21 6 4
21 23 1
21 41 4
21 45 0
21 48 1
21 53 3
21 63 1
21 67 3
21 70 1
22 6 3
22 16 0
22 18 4
22 29 3
22 47 1
22 48 1
22 67 2
22 69 2
22 71 2
22 93 3
23 9 3
23 31 1
23 45 4
23 48 2
23 74 1
23 90 2
23 96 4
24 9 3
24 10 1
24 12 3
24 56 2
24 70 3
24 87 1
24 88 0
25 2 4
25 10 0
25 13 1
25 29 0
25 40 0
25 56 1
25 61 4
25 65 2
25 77 4
25 78 2
25 80 4
25 88 3
25 97 2
26 14 4
26 23 1
26 30 0
26 43 4
26 66 0
26 89 1
26 92 4
27 0 4
27 2 1
27 5 1
27 11 1
27 18 4
27 35 0
27 54 2
27 62 2
27 67 1
27 81 1
27 90 2
28 12 1
28 19 2
28 25 1
28 49 2
28 52 0
28 55 3
28 65 1
28 66 1
28 73 3
28 82 3
28 91 0
28 97 0
29 0 2
29 38 1
29 56 3
29 75 3
29 82 0
29 83 1
29 87 2
29 93 3
30 3 4
30 6 2
30 18 1
30 26 4
30 34 2
30 36 3
30 59 2
30 63 1
30 71 1
30 75 2
30 76 0
30 77 0
30 78 2
31 2 2
31 8 3
31 14 0
31 16 1
31 17 3
31 24 3
31 45 1
31 54 0
31 63 3
31 69 2
31 82 3
32 6 1
32 17 1
32 24 3
32 26 2
32 50 4
32 51 4
32 54 1
32 64 0
33 2 1
33 8 2
33 17 3
33 19 3
33 32 2
33 34 4
33 39 2
33 41 1
33 50 0
33 66 4
33 72 2
33 77 0
33 87 3
34 26 1
34 30 1
34 31 3
34 48 0
34 68 1
34 71 3
34 94 0
34 95 2
35 13 3
35 40 1
35 46 4
35 52 4
35 58 0
35 59 2
35 72 1
35 78 2
35 85 4
35 93 3
35 96 3
36 2 2
36 12 1
36 17 3
36 21 3
36 38 3
36 50 1
36 58 3
36 97 1
37 3 1
37 7 1
37 49 2
37 58 1
37 68 3
37 86 0
38 10 4
38 14 1
38 16 2
38 20 3
38 40 3
38 69 0
38 88 4
38 97 3
39 5 4
39 15 2
39 32 1
39 39 0
39 41 4
39 52 2
39 53 3
39 58 1
39 66 4
39 73 1
39 78 2
39 86 0
40 0 4
40 26 3
40 30 0
40 31 4
40 36 3
40 44 4
40 49 0
40 57 4
40 70 3
40 73 3
40 79 4
40 92 1
41 0 0
41 3 2
41 5 2
41 22 4
41 28 3
41 31 4
41 48 0
41 51 2
41 52 0
41 63 2
41 64 1
41 79 3
41 81 1
41 92 2
41 97 0
41 98 2
42 8 0
42 10 2
42 27 0
42 35 0
42 39 3
42 46 3
42 80 1
42 86 3
42 89 2
42 99 4
43 1 4
43 7 4
43 15 1
43 24 2
43 41 4
43 42 2
43 48 0
43 64 4
43 65 3
43 66 3
43 68 0
43 75 3
44 5 2
44 21 4
44 30 0
44 32 0
44 50 1
44 54 2
44 65 0
44 68 1
44 72 2
44 82 2
44 99 1
45 1 2
45 4 1
45 22 2
45 29 2
45 31 4
45 32 2
45 43 4
45 49 0
45 56 1
45 87 3
46 11 2
46 35 1
46 56 4
46 63 3
46 64 3
46 80 2
46 85 0
47 1 4
47 9 1
47 19 2
47 22 1
47 33 0
47 37 4
47 38 4
47 47 0
47 52 4
47 59 4
47 62 1
47 86 3
47 91 1
47 96 4
48 7 0
48 11 2
48 20 0
48 22 4
48 41 0
48 57 4
48 88 4
48 90 0
48 94 2
49 19 3
49 28 3
49 45 0
49 62 2
49 71 3
49 74 0
49 84 3
49 85 4
50 13 3
50 16 3
50 24 1
50 33 4
50 41 2
50 47 2
50 51 4
51 4 1
51 15 3
51 19 0
51 24 0
51 31 1
51 35 3
51 42 2
51 43 4
51 52 4
51 53 4
51 60 0
51 61 3
51 62 3
51 66 2
51 69 3
51 78 1
51 80 2
51 85 1
51 90 4
51 94 1
52 1 0
52 13 0
52 14 0
52 16 4
52 35 2
52 38 2
52 40 2
52 58 2
52 59 0
52 60 2
52 64 0
52 67 2
52 93 4
53 19 0
53 27 4
53 41 2
53 44 3
53 55 3
53 58 4
53 78 3
53 83 3
53 86 0
53 91 3
53 99 0
54 10 4
54 14 4
54 44 4
54 68 1
54 70 3
54 76 2
55 3 2
55 20 0
55 21 1
55 24 3
55 26 0
55 29 1
55 31 1
55 32 3
55 38 1
55 44 2
55 46 1
55 60 2
55 66 0
55 88 3
56 7 1
56 10 4
56 27 3
56 38 1
56 40 3
56 47 0
56 73 0
56 76 0
56 79 2
56 80 3
56 84 4
56 86 2
56 90 0
56 92 1
57 11 3
57 17 0
57 20 4
57 24 0
57 41 1
57 67 1
57 71 0
57 76 3
58 7 2
58 19 0
58 25 1
58 27 3
58 33 4
58 34 0
58 42 4
58 43 2
58 46 3
58 52 2
58 62 4
58 71 0
58 75 0
58 93 4
59 4 4
59 5 4
59 8 2
59 10 2
59 64 2
59 73 0
59 79 1
59 84 0
59 90 2
59 92 1
59 94 0
60 13 4
60 15 4
60 18 4
60 34 4
60 55 1
60 56 2
60 72 2
60 76 1
60 83 4
61 23 1
61 27 0
61 33 3
61 37 4
61 61 2
61 80 3
61 89 1
61 98 1
62 10 0
62 15 0
62 18 3
62 20 3
62 26 2
62 36 4
62 61 3
62 63 1
62 70 0
62 79 3
62 84 0
62 85 1
62 87 1
62 90 0
62 97 3
63 1 2
63 2 2
63 3 3
63 5 4
63 9 4
63 12 1
63 43 3
63 47 1
63 74 2
63 76 0
63 98 0
64 0 1
64 3 0
64 9 4
64 15 4
64 16 2
64 21 3
64 22 3
64 29 2
64 36 0
64 39 3
64 44 3
64 50 2
64 51 3
64 75 1
64 88 2
64 91 0
65 0 0
65 7 1
65 10 3
65 18 1
65 22 2
65 30 3
65 33 3
65 51 0
65 53 4
65 82 3
65 97 3
66 42 2
66 61 1
66 71 1
66 74 2
66 77 1
66 89 3
66 92 4
67 4 1
67 7 3
67 22 4
67 30 3
67 36 2
67 50 2
67 60 4
67 70 2
67 78 2
67 92 1
68 8 3
68 29 0
68 46 1
68 50 3
68 67 0
68 74 2
68 76 4
68 80 3
68 81 1
68 91 4
68 99 0
69 19 2
69 28 1
69 37 1
69 41 1
69 51 1
69 67 0
69 90 4
69 94 3
70 2 1
70 4 1
70 11 4
70 33 3
70 38 2
70 53 0
70 55 4
70 68 3
70 81 1
70 82 4
70 85 0
70 98 3
71 2 3
71 14 1
71 15 3
71 51 0
71 68 3
71 72 2
71 74 1
71 96 2
72 15 1
72 24 3
72 31 3
72 33 0
72 36 3
72 40 0
72 49 2
72 65 3
72 91 1
72 95 3
72 96 2
73 6 2
73 12 0
73 25 0
73 45 2
73 54 2
73 55 0
73 56 3
74 2 0
74 24 3
74 62 0
74 65 2
74 85 2
74 87 0
74 92 0
74 96 1
75 3 2
75 35 1
75 40 3
75 47 2
76 22 3
76 27 0
76 32 2
76 34 4
76 37 3
76 38 2
76 41 2
76 59 1
76 67 1
76 76 4
76 78 4
76 84 0
76 86 4
76 91 2
77 1 3
77 12 0
77 13 0
77 17 4
77 29 0
77 33 3
77 37 4
77 45 2
77 46 4
77 61 1
77 64 1
77 67 1
77 74 3
77 91 1
78 3 3
78 4 0
78 6 2
78 9 1
78 23 2
78 42 4
78 43 3
78 57 4
78 69 1
78 85 3
78 92 4
78 97 0
78 98 2
79 1 0
79 8 3
79 23 0
79 24 2
79 28 2
79 31 3
79 35 4
79 37 3
79 47 0
79 57 1
79 62 0
79 64 4
79 70 4
79 71 1
79 75 4
80 35 1
80 46 2
80 54 1
80 59 3
80 82 2
80 86 0
80 95 3
81 14 3
81 19 3
81 23 4
81 32 1
81 39 2
81 42 3
81 73 3
81 74 0
81 76 1
81 87 3
81 92 0
81 98 4
82 14 4
82 20 2
82 39 4
82 44 1
82 45 1
82 54 0
82 89 3
83 0 1
83 20 3
83 28 0
83 36 3
83 44 1
83 62 4
83 73 3
83 77 4
83 94 0
84 11 3
84 17 4
84 30 4
84 34 4
84 43 2
84 46 1
84 47 3
84 49 3
84 58 0
84 70 4
84 84 0
84 94 2
84 95 4
84 98 2
85 4 3
85 6 2
85 7 4
85 12 4
85 13 0
85 17 1
85 20 2
85 31 4
85 35 1
85 45 0
85 52 2
85 56 2
85 75 3
85 77 1
85 79 4
86 1 2
86 25 3
86 32 0
86 49 1
86 57 4
86 60 4
86 62 3
87 13 2
87 38 1
87 53 4
87 57 4
87 60 2
87 66 0
87 72 1
87 73 4
87 86 1
88 3 1
88 5 1
88 10 1
88 25 1
88 26 3
88 48 2
88 74 1
88 75 4
88 87 1
88 94 0
88 95 4
88 99 0
89 9 4
89 21 0
89 27 4
89 29 0
89 30 2
89 35 2
89 47 4
89 51 4
89 57 3
89 61 4
89 82 3
89 93 2
90 21 2
91 8 0
91 50 2
91 53 3
91 78 4
91 81 1
91 89 3
92 18 2
92 27 0
92 36 1
92 58 3
92 61 4
92 72 4
92 91 1
93 18 4
93 21 4
93 37 2
93 80 2
93 83 2
93 90 2
93 99 3
94 16 0
94 27 0
94 42 2
94 59 0
94 98 2
95 5 3
95 22 2
95 26 0
95 57 4
95 65 0
95 69 4
95 95 0
96 11 1
96 21 4
96 26 4
96 75 4
96 81 0
96 85 1
96 95 4
96 97 2
97 23 0
97 36 0
97 45 4
97 66 3
98 2 3
98 14 0
98 25 0
98 53 3
98 63 0
98 71 3
98 72 1
98 83 0
98 84 4
99 6 2
99 17 3
99 21 0
99 25 2
99 42 4
99 43 2
99 70 2
99 80 2
99 93 0
99 94 0
