100
100
3000 3000 3000 3000 3000 3000 3000 3000 3000 3000 3000 3000 3000 3000 3000 3000 3000 3000 3000 3000 3000 3000 3000 3000 3000 3000 3000 3000 3000 3000 3000 3000 3000 3000 3000 3000 3000 3000 3000 3000 3000 3000 3000 3000 3000 3000 3000 3000 3000 3000 3000 3000 3000 3000 3000 3000 3000 3000 3000 3000 3000 3000 3000 3000 3000 3000 3000 3000 3000 3000 3000 3000 3000 3000 3000 3000 3000 3000 3000 3000 3000 3000 3000 3000 3000 3000 3000 3000 3000 3000 3000 3000 3000 3000 3000 3000 3000 3000 3000 3000
0 29 0
0 34 2
0 36 4
0 43 2
0 46 1
0 49 4
0 73 3
0 93 4
0 96 1
0 98 4
1 0 1
1 2 1
1 11 2
1 26 1
1 40 0
1 57 1
1 59 0
1 65 4
1 87 3
1 89 1
2 0 4
2 15 4
2 34 1
2 35 3
2 38 3
2 44 0
2 52 2
2 59 3
2 66 1
2 73 4
3 1 0
3 3 3
3 46 0
3 53 3
3 70 4
3 73 3
3 83 3
3 93 3
3 94 4
3 96 0
4 0 2
4 6 1
4 11 3
4 24 1
4 29 2
4 38 2
4 40 2
4 77 4
4 85 4
4 90 2
5 0 0
5 2 4
5 22 4
5 40 2
5 51 3
5 58 1
5 60 2
5 69 3
5 83 4
5 94 1
6 21 4
6 22 3
6 28 0
6 44 4
6 47 2
6 58 2
6 80 3
6 83 0
6 87 3
6 98 2
7 3 2
7 16 4
7 19 0
7 21 2
7 22 4
7 28 2
7 63 4
7 81 2
7 88 0
7 95 4
8 25 1
8 40 2
8 43 3
8 56 2
8 65 1
8 68 4
8 89 0
8 90 0
8 92 0
8 96 3
9 2 3
9 6 0
9 17 4
9 18 0
9 38 1
9 50 3
9 51 3
9 63 3
9 90 3
9 94 3
10 8 0
10 18 2
10 29 3
10 34 1
10 37 2
10 47 3
10 49 0
10 65 1
10 66 1
10 90 1
11 2 0
11 4 2
11 10 0
11 28 2
11 36 4
11 51 4
11 64 4
11 76 0
11 92 3
11 95 3
12 10 2
12 43 3
12 45 2
12 49 2
12 52 4
12 57 0
12 70 4
12 74 1
12 97 0
12 99 0
13 3 3
13 32 0
13 45 2
13 52 3
13 61 4
13 66 0
13 73 1
13 75 3
13 92 0
13 99 3
14 11 3
14 12 0
14 20 2
14 21 1
14 22 4
14 40 2
14 59 1
14 67 3
14 94 0
14 96 0
15 12 1
15 34 2
15 39 3
15 45 2
15 47 3
15 50 1
15 82 0
15 84 2
15 90 3
15 97 1
16 6 0
16 24 4
16 41 2
16 42 1
16 46 2
16 68 1
16 70 2
16 79 4
16 84 4
16 98 1
17 5 3
17 8 1
17 10 3
17 17 2
17 35 0
17 75 0
17 78 0
17 83 1
17 93 4
17 94 2
18 6 2
18 17 3
18 18 2
18 21 3
18 33 0
18 44 3
18 52 3
18 57 2
18 62 4
18 64 3
19 4 0
19 22 1
19 41 0
19 46 2
19 57 2
19 59 4
19 61 3
19 67 2
19 79 1
19 86 1
20 4 0
20 10 0
20 16 4
20 48 3
20 52 1
20 64 2
20 91 1
20 92 4
20 93 1
20 95 1
21 12 1
21 37 2
21 42 2
21 47 4
21 50 4
21 52 4
21 67 3
21 81 3
21 93 1
21 95 4
22 16 0
22 18 3
22 21 0
22 36 2
22 37 3
22 38 3
22 50 1
22 70 4
22 93 3
22 97 2
23 12 2
23 25 3
23 55 2
23 57 1
23 59 1
23 63 1
23 65 2
23 68 3
23 76 3
23 77 3
24 0 4
24 18 0
24 25 0
24 29 0
24 34 3
24 44 0
24 45 3
24 49 2
24 81 1
24 86 4
25 4 2
25 17 3
25 30 2
25 34 1
25 53 3
25 58 1
25 60 1
25 79 0
25 86 3
25 98 2
26 8 4
26 11 4
26 32 1
26 36 4
26 39 3
26 43 1
26 54 0
26 65 2
26 74 1
26 89 1
27 0 1
27 5 4
27 17 3
27 53 3
27 69 3
27 77 4
27 80 3
27 88 1
27 96 1
27 99 4
28 1 0
28 10 0
28 18 4
28 25 2
28 28 3
28 29 3
28 32 1
28 66 0
28 86 3
28 93 3
29 20 2
29 22 0
29 25 3
29 47 3
29 49 2
29 50 3
29 60 2
29 76 4
29 78 1
29 93 0
30 15 2
30 17 2
30 38 2
30 40 4
30 45 0
30 53 1
30 56 3
30 64 2
30 74 4
30 98 2
31 28 2
31 34 0
31 46 1
31 49 4
31 51 2
31 54 4
31 56 3
31 80 0
31 82 4
31 96 3
32 8 3
32 14 3
32 19 1
32 23 2
32 36 3
32 37 0
32 71 0
32 78 3
32 79 4
32 99 3
33 6 2
33 10 1
33 23 1
33 31 2
33 49 3
33 58 2
33 59 4
33 65 1
33 76 2
33 94 1
34 1 4
34 3 1
34 4 1
34 11 0
34 41 2
34 52 2
34 85 1
34 88 0
34 96 1
34 97 1
35 18 1
35 47 3
35 51 1
35 65 0
35 71 1
35 76 0
35 88 4
35 94 1
35 96 3
35 97 4
36 21 0
36 23 2
36 50 1
36 57 2
36 59 4
36 72 0
36 75 0
36 82 4
36 96 2
36 98 1
37 1 2
37 18 4
37 36 4
37 48 4
37 61 2
37 62 0
37 64 3
37 69 2
37 73 3
37 82 0
38 3 2
38 26 4
38 32 4
38 39 0
38 40 2
38 43 3
38 45 2
38 58 2
38 63 4
38 93 2
39 24 0
39 37 4
39 38 3
39 39 1
39 52 4
39 54 1
39 57 0
39 74 1
39 90 3
39 92 3
40 1 1
40 11 2
40 14 3
40 21 4
40 30 0
40 42 0
40 53 2
40 83 1
40 91 3
40 94 3
41 9 1
41 11 2
41 12 0
41 20 3
41 32 3
41 46 3
41 57 4
41 69 4
41 82 0
41 91 0
42 12 2
42 37 3
42 47 2
42 51 0
42 55 3
42 57 4
42 83 1
42 87 4
42 95 2
42 97 2
43 4 4
43 5 0
43 10 2
43 14 1
43 27 3
43 31 2
43 46 1
43 51 3
43 64 4
43 81 4
44 17 1
44 19 1
44 26 2
44 27 0
44 36 4
44 59 2
44 63 3
44 77 4
44 94 2
44 98 0
45 2 0
45 6 4
45 25 1
45 29 1
45 51 2
45 59 2
45 61 3
45 64 3
45 72 1
45 93 1
46 0 1
46 17 0
46 26 0
46 27 3
46 42 3
46 59 0
46 69 2
46 70 0
46 76 1
46 86 1
47 25 1
47 42 3
47 47 3
47 50 4
47 51 3
47 60 3
47 62 3
47 64 0
47 85 3
47 89 3
48 19 2
48 34 4
48 35 4
48 44 4
48 45 2
48 51 1
48 54 3
48 63 1
48 69 4
48 78 0
49 23 3
49 26 1
49 40 2
49 53 3
49 62 4
49 63 2
49 64 1
49 80 4
49 82 2
49 87 3
50 26 2
50 32 2
50 37 2
50 40 4
50 57 0
50 64 4
50 71 0
50 77 3
50 83 0
50 86 3
51 17 0
51 20 4
51 23 3
51 29 4
51 36 3
51 38 3
51 66 3
51 81 4
51 89 0
51 94 2
52 2 4
52 4 0
52 16 1
52 23 1
52 36 1
52 56 0
52 57 0
52 68 1
52 76 1
52 81 1
53 8 1
53 30 1
53 35 0
53 40 0
53 51 0
53 59 2
53 60 0
53 68 0
53 75 2
53 95 1
54 23 2
54 45 1
54 51 1
54 58 1
54 73 0
54 77 4
54 82 3
54 86 1
54 88 0
54 90 0
55 8 1
55 34 1
55 48 4
55 49 3
55 58 2
55 68 1
55 80 4
55 87 4
55 90 1
55 99 1
56 7 3
56 23 3
56 33 2
56 50 3
56 56 1
56 57 1
56 61 2
56 78 2
56 95 3
56 96 2
57 2 1
57 3 3
57 33 1
57 42 0
57 50 1
57 59 2
57 72 3
57 73 1
57 88 1
57 97 1
58 13 2
58 28 1
58 44 0
58 61 0
58 64 0
58 70 2
58 72 4
58 79 1
58 84 3
58 96 0
59 0 2
59 14 3
59 15 1
59 23 4
59 41 3
59 50 3
59 51 1
59 60 0
59 85 4
59 88 0
60 20 4
60 30 4
60 36 0
60 37 3
60 51 1
60 52 1
60 66 0
60 89 1
60 90 1
60 94 3
61 7 4
61 28 1
61 48 0
61 49 1
61 58 1
61 67 1
61 72 1
61 78 4
61 86 4
61 92 0
62 40 4
62 44 2
62 45 3
62 52 1
62 65 1
62 69 4
62 77 0
62 89 0
62 94 4
62 98 0
63 22 3
63 25 2
63 29 2
63 32 4
63 40 2
63 57 4
63 65 1
63 66 0
63 73 2
63 95 0
64 4 4
64 7 4
64 8 2
64 13 0
64 33 0
64 34 3
64 45 3
64 47 3
64 59 0
64 90 1
65 16 4
65 19 1
65 20 1
65 36 0
65 49 0
65 50 4
65 54 1
65 59 0
65 67 3
65 98 4
66 4 4
66 6 0
66 20 2
66 24 2
66 25 1
66 34 1
66 61 3
66 68 3
66 86 2
66 92 1
67 27 2
67 37 3
67 55 4
67 65 4
67 69 3
67 72 1
67 78 2
67 82 2
67 85 3
67 98 1
68 7 0
68 20 4
68 28 1
68 29 0
68 30 4
68 33 0
68 47 4
68 54 3
68 71 0
68 78 2
69 14 0
69 22 2
69 29 3
69 33 3
69 37 1
69 51 1
69 67 1
69 69 0
69 78 1
69 86 0
70 3 3
70 12 1
70 13 1
70 21 0
70 31 3
70 33 3
70 47 0
70 69 2
70 74 1
70 99 3
71 4 1
71 16 1
71 17 3
71 45 0
71 53 2
71 54 1
71 57 4
71 64 3
71 82 3
71 90 1
72 6 2
72 15 2
72 37 4
72 40 3
72 45 4
72 50 4
72 55 1
72 56 0
72 65 3
72 84 4
73 12 0
73 25 4
73 35 1
73 40 3
73 43 2
73 47 2
73 65 1
73 73 4
73 78 1
73 89 0
74 0 4
74 22 3
74 30 1
74 51 2
74 59 2
74 64 1
74 91 1
74 94 0
74 95 3
74 97 3
75 4 2
75 13 2
75 16 2
75 25 0
75 30 0
75 47 0
75 60 2
75 70 2
75 74 1
75 83 0
76 5 2
76 14 2
76 17 2
76 19 1
76 22 4
76 45 3
76 48 4
76 55 1
76 76 4
76 79 4
77 16 3
77 24 0
77 26 1
77 28 4
77 29 1
77 35 4
77 55 3
77 95 3
77 97 0
77 98 0
78 4 3
78 5 4
78 20 0
78 23 0
78 42 1
78 44 4
78 47 0
78 77 1
78 84 4
78 87 3
79 6 0
79 23 4
79 29 1
79 35 1
79 44 2
79 60 2
79 61 1
79 68 1
79 82 4
79 99 1
80 24 1
80 30 2
80 37 1
80 40 2
80 55 2
80 57 0
80 63 2
80 72 1
80 75 1
80 93 2
81 5 0
81 14 4
81 31 3
81 33 3
81 38 0
81 42 3
81 59 3
81 72 1
81 77 2
81 89 4
82 23 4
82 32 1
82 37 3
82 41 3
82 48 0
82 51 3
82 64 1
82 73 4
82 80 2
82 99 4
83 0 1
83 11 2
83 18 2
83 39 1
83 51 1
83 62 4
83 72 0
83 91 3
83 93 2
83 97 2
84 8 1
84 9 3
84 20 4
84 31 1
84 46 2
84 48 4
84 51 3
84 62 2
84 64 1
84 74 0
85 6 2
85 14 1
85 26 3
85 60 4
85 63 4
85 66 1
85 82 1
85 88 1
85 90 3
85 94 3
86 4 1
86 8 0
86 10 4
86 13 1
86 36 2
86 42 2
86 49 1
86 54 4
86 62 0
86 95 1
87 8 2
87 23 3
87 37 1
87 55 4
87 58 2
87 75 2
87 78 2
87 81 4
87 87 3
87 99 2
88 8 4
88 46 2
88 50 4
88 52 4
88 62 2
88 66 0
88 74 2
88 77 1
88 80 2
88 84 2
89 13 2
89 19 1
89 23 0
89 26 0
89 40 4
89 45 3
89 64 3
89 69 0
89 72 4
89 83 1
90 29 0
90 35 1
90 44 1
90 45 1
90 54 4
90 65 1
90 74 0
90 84 1
90 87 1
90 94 3
91 21 1
91 25 3
91 30 0
91 31 2
91 34 0
91 49 2
91 56 4
91 58 3
91 59 1
91 91 4
92 12 1
92 15 3
92 22 2
92 32 0
92 51 0
92 57 3
92 60 2
92 76 0
92 89 1
92 95 2
93 7 4
93 27 3
93 28 3
93 42 3
93 44 4
93 55 4
93 57 4
93 61 4
93 73 3
93 78 4
94 2 1
94 17 4
94 26 2
94 30 2
94 43 4
94 44 4
94 61 1
94 75 0
94 87 1
94 93 4
95 7 2
95 20 1
95 24 1
95 30 1
95 32 1
95 38 1
95 61 2
95 69 1
95 75 0
95 77 2
96 2 0
96 6 2
96 17 2
96 49 1
96 51 2
96 55 1
96 70 4
96 71 4
96 76 1
96 97 3
97 17 2
97 27 0
97 32 4
97 34 2
97 43 4
97 57 3
97 58 1
97 77 0
97 83 3
97 88 2
98 9 2
98 13 1
98 21 1
98 33 1
98 48 2
98 59 1
98 77 1
98 84 4
98 86 0
98 99 0
99 11 0
99 12 1
99 15 2
99 24 1
99 55 3
99 56 0
99 58 3
99 86 2
99 94 3
99 97 0
