100
100
3000 3000 3000 3000 3000 3000 3000 3000 3000 3000 3000 3000 3000 3000 3000 3000 3000 3000 3000 3000 3000 3000 3000 3000 3000 3000 3000 3000 3000 3000 3000 3000 3000 3000 3000 3000 3000 3000 3000 3000 3000 3000 3000 3000 3000 3000 3000 3000 3000 3000 3000 3000 3000 3000 3000 3000 3000 3000 3000 3000 3000 3000 3000 3000 3000 3000 3000 3000 3000 3000 3000 3000 3000 3000 3000 3000 3000 3000 3000 3000 3000 3000 3000 3000 3000 3000 3000 3000 3000 3000 3000 3000 3000 3000 3000 3000 3000 3000 3000 3000
0 9 4
0 14 4
0 24 2
0 31 4
0 58 0
0 79 1
1 27 4
1 35 4
1 40 1
1 58 2
1 61 0
1 70 4
1 74 0
1 92 3
2 8 2
2 14 3
2 24 4
2 30 0
2 42 4
2 59 1
3 2 3
3 3 0
3 16 3
3 20 4
3 28 4
3 47 3
3 52 1
3 53 4
3 67 2
3 68 2
3 73 0
3 92 3
4 7 3
4 17 1
4 20 0
4 33 0
4 36 2
4 57 2
4 59 3
4 65 4
4 70 0
4 75 4
4 77 1
4 85 1
4 91 4
5 10 1
5 11 1
5 13 4
5 31 3
5 44 0
5 71 2
5 74 1
5 79 0
5 82 4
6 24 1
6 37 0
6 43 1
6 57 0
6 61 2
6 64 3
6 66 2
6 79 1
6 80 1
6 81 0
6 95 0
6 96 4
7 2 4
7 12 3
7 21 3
7 27 4
7 30 4
7 38 4
7 56 2
7 61 1
7 83 4
8 0 4
8 15 1
8 21 3
8 39 4
8 51 4
8 66 3
8 68 4
8 71 1
8 73 0
8 80 4
8 81 1
8 83 3
8 87 3
8 89 2
9 11 3
9 41 0
9 49 2
9 60 1
9 64 4
9 79 0
9 89 2
9 90 2
10 9 2
10 10 0
10 12 3
10 27 3
10 31 4
10 39 3
10 41 2
10 48 0
10 56 4
10 60 0
10 67 2
10 83 2
10 88 1
10 89 0
10 90 4
11 2 0
11 13 3
11 38 1
11 40 3
11 51 2
11 55 3
11 60 4
12 4 4
12 13 4
12 17 1
12 29 0
12 54 0
12 57 1
12 60 2
12 71 3
12 90 3
13 1 1
13 30 2
13 32 0
13 41 0
13 84 0
13 91 1
13 92 2
13 97 3
13 98 0
14 9 4
14 25 0
14 31 0
14 37 3
14 45 4
14 46 2
14 49 2
14 62 3
14 68 3
14 70 2
14 82 1
14 88 1
15 27 4
15 39 3
15 40 2
15 44 3
15 65 3
15 67 4
15 75 0
15 80 2
15 90 0
15 93 1
15 98 2
16 22 4
16 51 0
16 57 4
16 62 3
16 66 4
16 97 3
17 1 3
17 42 1
17 47 2
17 61 3
17 69 3
17 73 2
18 3 1
18 6 3
18 11 0
18 15 1
18 28 1
18 29 3
18 31 3
18 69 1
18 86 3
18 99 4
19 1 2
19 20 4
19 42 0
19 59 1
19 65 4
19 66 1
19 69 4
19 80 3
19 85 4
20 35 0
20 44 3
20 45 4
20 79 3
20 81 2
21 4 0
21 18 2
21 19 0
21 30 3
21 38 3
21 51 1
21 52 2
21 73 2
21 94 4
22 2 0
22 6 2
22 12 1
22 14 4
22 28 2
22 32 1
22 34 4
22 49 0
22 56 1
22 77 1
23 8 4
23 15 0
23 17 4
23 22 4
23 54 0
23 71 4
23 74 1
23 94 2
23 96 0
24 9 3
24 12 1
24 13 0
24 16 0
24 18 0
24 24 1
24 52 0
24 53 2
24 61 3
24 75 0
24 80 0
24 97 3
24 99 2
25 14 3
25 19 2
25 21 1
25 23 3
25 34 4
25 41 3
25 42 1
25 46 4
25 49 4
25 55 4
25 59 0
25 60 2
25 65 0
25 68 2
25 90 3
25 91 4
26 1 3
26 8 2
26 12 4
26 21 0
26 33 4
26 39 2
26 47 3
26 59 3
26 75 4
26 76 3
26 96 1
27 5 3
27 26 4
27 45 2
27 58 2
27 64 1
27 81 0
27 86 1
28 11 3
28 18 1
28 21 0
28 33 2
28 34 0
28 44 0
28 46 2
28 47 3
28 53 1
28 59 4
28 67 2
28 75 3
28 82 1
28 87 2
28 89 3
29 2 0
29 16 1
29 37 1
29 52 4
29 72 2
29 88 1
30 4 2
30 10 0
30 20 3
30 22 4
30 25 0
30 27 1
30 31 0
30 37 1
30 45 0
30 49 3
30 76 0
30 94 1
30 95 1
31 10 4
31 18 1
31 29 3
31 39 1
31 41 2
31 46 4
31 50 0
31 58 1
31 64 1
31 70 0
31 71 0
31 72 3
31 74 2
31 79 4
31 99 1
32 16 2
32 20 0
32 30 2
32 32 1
32 63 2
32 64 1
32 77 3
32 87 0
32 92 4
32 94 1
33 6 1
33 24 0
33 34 3
33 62 3
33 77 1
33 83 0
33 91 4
34 0 4
34 15 1
34 17 3
34 18 3
34 35 1
34 37 4
34 45 3
34 48 2
34 60 2
34 82 3
34 85 4
34 97 2
34 98 0
34 99 4
35 4 0
35 28 0
35 29 0
35 66 2
35 98 0
36 6 4
36 19 2
36 26 2
36 35 4
36 50 3
36 67 0
36 86 2
36 89 1
36 95 4
37 7 3
37 14 0
37 34 2
37 43 2
37 72 1
37 77 2
37 80 3
37 86 2
38 5 2
38 16 0
38 24 3
38 42 1
38 43 0
38 49 4
38 61 3
38 63 0
38 68 4
38 72 1
38 82 2
38 96 2
38 98 4
39 4 1
39 12 0
39 17 1
39 22 2
39 23 1
39 27 2
39 36 2
39 45 0
39 65 3
39 70 4
39 74 1
39 75 1
39 96 1
40 12 3
40 13 1
40 23 4
40 28 3
40 48 0
40 62 4
40 69 3
40 87 4
40 92 2
41 7 2
41 27 3
41 32 3
41 36 1
41 44 0
41 49 2
41 51 2
41 58 0
41 63 4
41 81 2
41 88 2
42 23 3
42 32 0
42 40 4
42 58 0
42 70 0
42 73 2
42 89 4
43 10 1
43 31 1
43 35 0
43 38 1
43 50 4
43 51 1
43 60 0
43 82 4
43 95 3
44 3 1
44 6 3
44 23 3
44 26 2
44 34 2
44 43 3
44 86 1
44 88 2
45 5 4
45 8 4
45 19 0
45 35 2
45 47 4
45 58 4
45 84 1
45 97 1
46 15 4
46 22 1
46 25 4
46 30 3
46 40 0
46 46 0
46 53 2
46 54 1
46 57 0
46 69 2
46 71 1
46 76 2
47 13 1
47 26 0
47 30 0
47 46 0
47 56 3
47 71 3
47 76 0
47 88 3
47 93 1
47 96 2
47 98 2
48 18 0
48 26 0
48 40 4
48 47 3
48 48 4
48 54 4
48 64 4
48 67 4
48 71 3
48 72 0
48 85 4
48 90 1
48 95 3
48 99 2
49 0 2
49 7 2
49 13 4
49 14 3
49 28 4
49 58 0
49 65 2
49 95 2
49 97 2
50 0 0
50 4 1
50 17 2
50 19 2
50 20 1
50 23 0
50 28 2
50 37 4
50 42 3
50 55 1
50 59 3
50 64 2
50 67 4
50 86 3
51 3 2
51 11 1
51 22 1
51 25 1
51 48 0
51 63 0
51 86 4
51 87 4
52 5 0
52 16 3
52 24 4
52 27 4
52 37 1
52 43 2
52 52 1
52 62 2
52 66 3
52 78 4
52 97 4
53 0 0
53 1 2
53 5 0
53 21 4
53 53 2
53 58 1
53 59 2
53 63 0
53 68 0
53 72 0
53 78 3
53 88 3
53 99 1
54 0 0
54 43 1
54 44 1
54 53 1
54 62 4
54 65 4
54 73 4
54 98 4
55 2 2
55 6 3
55 11 2
55 23 1
55 34 2
55 38 2
55 45 2
55 55 0
55 56 3
55 65 1
55 75 2
55 76 4
55 84 3
55 85 2
56 5 1
56 7 4
56 12 3
56 33 3
56 80 2
56 82 0
56 83 2
56 88 0
57 4 1
57 21 0
57 33 1
57 36 2
57 38 0
57 41 4
57 44 4
57 74 2
57 79 3
57 91 0
57 92 2
58 10 3
58 14 3
58 36 1
58 53 3
58 66 2
58 77 0
58 87 2
58 92 2
58 97 0
59 7 0
59 16 2
59 24 3
59 30 4
59 32 2
59 36 3
59 38 2
60 13 0
60 40 1
60 48 0
60 61 2
60 91 0
61 3 0
61 8 3
61 34 3
61 52 3
61 67 1
61 84 2
61 89 3
61 93 0
62 1 0
62 16 3
62 50 0
62 63 3
62 64 1
62 71 0
62 94 2
62 95 2
62 96 3
62 98 3
63 2 1
63 10 1
63 83 0
63 87 2
63 94 1
64 8 2
64 15 1
64 17 1
64 41 0
64 45 1
64 57 4
64 68 1
64 70 2
64 89 4
64 93 4
65 19 4
65 20 2
65 22 1
65 31 3
65 35 0
65 41 0
65 47 3
65 56 0
65 63 2
65 69 0
65 76 4
65 90 4
65 96 0
66 16 0
66 20 4
66 44 3
66 51 1
66 61 4
66 77 1
66 80 1
66 93 3
66 97 1
66 98 3
67 4 1
67 19 0
67 80 2
67 91 1
67 93 0
68 0 2
68 15 3
68 17 2
68 18 4
68 47 3
68 52 4
68 59 1
68 86 3
68 95 2
69 9 4
69 12 1
69 17 2
69 22 0
69 34 4
69 36 3
69 38 0
69 56 2
69 62 3
69 73 4
69 86 0
69 95 0
70 15 1
70 25 1
70 27 0
70 39 0
70 56 2
70 83 0
71 3 0
71 9 3
71 10 3
71 17 2
71 23 4
71 32 4
71 58 2
71 70 1
71 75 3
71 87 0
71 93 3
72 20 4
72 22 4
72 25 3
72 32 1
72 38 4
72 54 4
72 62 1
72 63 1
72 70 0
72 75 2
72 81 3
72 87 4
73 19 0
73 25 0
73 26 0
73 27 4
73 49 2
73 51 4
73 64 1
73 91 3
73 94 0
74 5 2
74 35 3
74 42 3
74 48 2
74 54 4
74 55 2
74 68 3
74 82 3
74 93 0
75 1 2
75 6 1
75 15 4
75 26 4
75 29 1
75 48 2
75 50 4
75 87 2
75 96 3
76 0 0
76 11 1
76 18 2
76 41 2
76 47 1
76 50 3
76 52 1
76 77 4
76 82 1
77 7 0
77 29 4
77 36 4
77 40 1
77 52 2
77 54 0
77 62 2
77 67 1
77 68 1
78 3 2
78 8 4
78 10 4
78 18 1
78 30 4
78 32 2
78 37 0
78 43 0
78 62 1
78 76 0
78 90 2
78 92 4
79 3 4
79 11 3
79 19 3
79 26 4
79 34 0
79 47 3
79 49 2
79 50 4
79 55 4
79 63 3
79 72 3
80 0 4
80 9 1
80 28 3
80 33 1
80 44 0
80 50 3
80 66 0
80 73 4
80 74 3
80 78 0
80 80 2
80 84 4
80 85 3
81 15 0
81 37 2
81 41 4
81 46 3
82 5 0
82 9 2
82 10 3
82 12 1
82 22 3
82 33 0
82 38 3
82 57 2
82 60 4
82 67 0
82 92 0
83 7 0
83 32 2
83 40 4
83 46 2
83 52 1
83 55 4
83 57 2
83 60 1
83 71 0
83 76 4
83 98 4
84 5 2
84 42 2
84 54 1
84 69 0
84 83 0
84 85 4
84 99 3
85 2 4
85 14 1
85 18 4
85 21 4
85 23 4
85 28 0
85 33 3
85 43 0
85 51 1
85 81 0
85 82 2
86 5 2
86 8 1
86 24 3
86 43 0
86 53 3
86 56 2
86 57 1
86 61 3
86 66 0
86 69 3
86 73 0
86 90 0
86 91 0
87 14 3
87 23 4
87 25 2
87 42 4
87 46 2
87 49 2
87 77 1
87 81 1
87 93 4
88 0 3
88 2 0
88 9 0
88 25 0
88 31 3
88 78 0
89 1 2
89 9 0
89 13 0
89 26 1
89 35 2
89 39 4
89 40 0
89 55 0
89 61 3
89 74 4
89 76 0
89 83 4
89 84 4
89 94 2
90 3 2
90 25 3
90 36 2
90 48 0
90 54 2
90 55 4
90 57 1
90 73 2
90 74 0
90 78 3
90 81 1
90 85 2
90 88 3
90 89 1
91 13 0
91 16 0
91 19 1
91 35 1
91 44 4
91 45 3
91 76 4
91 77 2
91 78 4
91 79 3
91 83 4
91 89 0
91 90 0
91 97 0
92 1 0
92 21 4
92 29 4
92 42 1
92 46 3
92 50 3
92 59 2
92 65 0
92 69 2
92 78 1
92 84 2
92 85 0
92 96 4
92 99 4
93 4 0
93 8 3
93 11 2
93 29 4
93 31 3
93 45 3
93 50 0
93 88 1
93 99 1
94 2 4
94 4 0
94 28 1
94 33 1
94 36 4
94 39 3
94 48 2
94 53 3
94 69 3
94 75 3
94 78 1
94 79 4
94 85 2
94 92 1
94 95 3
95 24 3
95 54 2
95 66 1
95 72 3
95 79 0
95 84 0
96 6 2
96 7 0
96 8 0
96 21 4
96 43 1
96 53 1
96 60 2
96 65 4
96 74 4
96 78 3
97 3 4
97 20 2
97 30 4
97 56 4
97 70 1
97 72 2
97 78 2
97 81 2
97 86 4
98 1 1
98 6 2
98 11 0
98 14 1
98 29 3
98 33 2
98 37 4
98 39 4
98 51 1
98 55 2
98 68 2
98 72 3
98 84 4
98 91 2
98 94 0
98 99 3
99 6 4
99 7 3
99 26 2
99 29 4
99 39 0
99 63 3
99 64 0
99 84 3
99 93 2
99 94 4
