100
100
3000 3000 3000 3000 3000 3000 3000 3000 3000 3000 3000 3000 3000 3000 3000 3000 3000 3000 3000 3000 3000 3000 3000 3000 3000 3000 3000 3000 3000 3000 3000 3000 3000 3000 3000 3000 3000 3000 3000 3000 3000 3000 3000 3000 3000 3000 3000 3000 3000 3000 3000 3000 3000 3000 3000 3000 3000 3000 3000 3000 3000 3000 3000 3000 3000 3000 3000 3000 3000 3000 3000 3000 3000 3000 3000 3000 3000 3000 3000 3000 3000 3000 3000 3000 3000 3000 3000 3000 3000 3000 3000 3000 3000 3000 3000 3000 3000 3000 3000 3000
0 4 3
0 27 3
0 40 4
0 41 1
0 42 0
0 62 1
0 64 0
0 76 0
0 90 2
0 98 2
1 1 2
1 14 1
1 19 4
1 24 4
1 55 3
1 63 0
1 69 1
1 74 1
1 75 0
1 94 1
2 1 0
2 5 4
2 14 2
2 17 4
2 20 4
2 25 1
2 46 3
2 57 0
2 75 0
2 99 0
3 15 1
3 45 0
3 46 0
3 48 0
3 55 3
3 72 4
3 73 3
3 78 0
3 90 3
3 97 4
4 14 4
4 16 1
4 17 2
4 35 1
4 38 0
4 56 4
4 61 3
4 79 1
4 87 3
4 98 3
5 18 3
5 19 2
5 24 2
5 27 1
5 31 3
5 55 0
5 65 2
5 86 1
5 95 4
5 97 4
6 9 0
6 21 0
6 33 4
6 60 2
6 66 2
6 74 0
6 75 1
6 89 2
6 90 4
6 95 2
7 13 3
7 18 2
7 20 1
7 32 1
7 34 2
7 43 1
7 63 2
7 72 2
7 78 0
7 82 2
8 0 0
8 4 4
8 17 0
8 21 0
8 27 2
8 28 4
8 32 4
8 69 1
8 95 1
8 96 1
9 0 4
9 20 0
9 33 4
9 36 0
9 42 1
9 43 0
9 65 2
9 72 3
9 82 3
9 92 2
10 2 4
10 36 3
10 46 4
10 47 2
10 61 4
10 63 0
10 68 3
10 81 3
10 82 4
10 86 3
11 5 4
11 13 3
11 31 4
11 48 0
11 53 3
11 61 2
11 64 2
11 68 2
11 85 0
11 87 2
12 15 0
12 30 4
12 40 3
12 50 2
12 56 2
12 58 0
12 66 0
12 68 0
12 74 3
12 95 3
13 21 2
13 31 4
13 44 2
13 45 2
13 56 0
13 72 1
13 77 0
13 93 2
13 95 4
13 97 3
14 9 2
14 13 4
14 46 4
14 50 1
14 59 3
14 60 1
14 82 3
14 90 0
14 91 0
14 96 3
15 7 3
15 10 0
15 19 4
15 20 3
15 26 4
15 33 0
15 37 2
15 54 2
15 78 3
15 97 4
16 21 2
16 42 4
16 47 3
16 52 2
16 53 4
16 57 2
16 63 0
16 65 4
16 81 3
16 98 3
17 15 3
17 17 4
17 29 1
17 46 1
17 56 2
17 60 4
17 71 4
17 76 1
17 80 3
17 99 0
18 15 1
18 17 4
18 21 2
18 32 0
18 35 3
18 40 3
18 44 1
18 53 1
18 60 0
18 81 0
19 4 0
19 11 0
19 19 0
19 28 2
19 31 3
19 43 4
19 51 2
19 58 4
19 61 1
19 62 2
20 16 0
20 17 3
20 20 3
20 37 1
20 39 0
20 56 1
20 71 2
20 90 0
20 97 3
20 99 1
21 2 2
21 16 1
21 31 0
21 33 1
21 38 3
21 42 1
21 46 1
21 79 0
21 89 2
21 93 2
22 2 3
22 4 3
22 10 0
22 13 2
22 14 3
22 28 0
22 30 1
22 44 2
22 55 1
22 64 1
23 2 4
23 25 3
23 29 3
23 31 2
23 35 3
23 38 1
23 55 3
23 66 3
23 70 0
23 92 1
24 1 0
24 6 4
24 20 1
24 30 1
24 42 1
24 67 2
24 69 1
24 72 2
24 76 3
24 89 3
25 3 3
25 29 1
25 44 3
25 50 0
25 58 1
25 63 1
25 67 2
25 69 1
25 90 4
25 95 1
26 12 3
26 24 0
26 25 1
26 32 1
26 39 0
26 43 1
26 50 3
26 87 1
26 96 1
26 97 4
27 4 1
27 5 2
27 26 2
27 40 4
27 41 2
27 45 1
27 49 0
27 59 2
27 69 0
27 89 4
28 16 0
28 38 1
28 43 3
28 48 4
28 57 2
28 60 2
28 62 2
28 81 1
28 89 2
28 94 0
29 17 1
29 18 0
29 36 1
29 39 3
29 45 1
29 60 2
29 72 0
29 81 3
29 85 4
29 98 4
30 0 4
30 12 1
30 18 4
30 27 2
30 30 3
30 31 2
30 61 0
30 74 0
30 76 4
30 94 4
31 10 4
31 23 4
31 35 0
31 37 3
31 43 0
31 49 0
31 59 3
31 63 1
31 83 4
31 85 2
32 12 0
32 15 2
32 26 4
32 37 4
32 52 2
32 63 0
32 75 1
32 76 3
32 80 4
32 94 3
33 7 2
33 25 0
33 30 2
33 39 2
33 46 2
33 48 0
33 52 0
33 56 4
33 69 1
33 76 0
34 1 3
34 2 2
34 6 2
34 15 4
34 42 1
34 45 0
34 50 4
34 51 2
34 89 1
34 93 2
35 3 2
35 16 1
35 20 0
35 35 4
35 48 1
35 72 3
35 82 0
35 84 3
35 94 0
35 95 4
36 4 1
36 10 2
36 12 1
36 21 1
36 26 2
36 27 4
36 58 4
36 59 1
36 62 1
36 65 3
37 8 0
37 17 0
37 29 3
37 30 3
37 38 0
37 55 2
37 59 3
37 62 0
37 68 3
37 72 1
38 14 4
38 29 4
38 31 4
38 39 2
38 50 3
38 52 1
38 67 3
38 85 4
38 91 2
38 93 0
39 5 1
39 16 0
39 19 0
39 27 0
39 29 3
39 30 0
39 44 4
39 47 0
39 76 3
39 86 0
40 3 0
40 16 4
40 19 2
40 37 0
40 38 3
40 59 4
40 63 1
40 65 2
40 71 1
40 72 1
41 8 1
41 15 0
41 31 2
41 39 3
41 45 1
41 56 1
41 63 2
41 79 4
41 87 4
41 98 3
42 18 2
42 22 2
42 25 1
42 27 4
42 30 2
42 32 3
42 33 0
42 36 2
42 50 1
42 94 1
43 7 2
43 18 0
43 34 4
43 51 4
43 54 3
43 58 3
43 60 3
43 76 4
43 84 4
43 90 1
44 2 3
44 6 3
44 11 2
44 21 4
44 34 0
44 41 3
44 52 4
44 55 2
44 80 1
44 92 2
45 11 1
45 28 4
45 41 0
45 46 3
45 54 4
45 58 1
45 63 2
45 65 3
45 76 4
45 96 0
46 20 1
46 24 3
46 44 0
46 45 3
46 67 3
46 70 0
46 74 0
46 75 0
46 92 4
46 95 2
47 11 0
47 14 0
47 49 0
47 50 2
47 55 0
47 57 2
47 77 4
47 96 2
47 98 4
47 99 3
48 21 4
48 23 2
48 30 4
48 44 2
48 46 2
48 50 2
48 54 3
48 63 2
48 67 0
48 97 2
49 14 2
49 48 1
49 56 2
49 58 2
49 60 0
49 85 4
49 86 4
49 87 3
49 90 4
49 95 4
50 30 2
50 39 1
50 44 4
50 46 0
50 57 4
50 60 4
50 64 3
50 79 1
50 88 2
50 98 0
51 26 3
51 31 1
51 38 4
51 57 2
51 59 4
51 60 4
51 71 3
51 76 4
51 86 1
51 95 1
52 5 2
52 14 2
52 15 1
52 31 2
52 32 1
52 58 4
52 61 3
52 79 4
52 80 2
52 96 2
53 5 3
53 21 0
53 32 1
53 40 1
53 41 0
53 54 3
53 55 4
53 62 0
53 70 3
53 78 1
54 17 3
54 19 1
54 35 2
54 37 4
54 45 4
54 65 4
54 76 3
54 81 2
54 95 4
54 99 1
55 20 3
55 21 3
55 29 0
55 33 0
55 66 4
55 72 3
55 78 3
55 82 0
55 83 3
55 88 0
56 0 1
56 31 4
56 33 0
56 35 0
56 36 4
56 56 2
56 57 4
56 68 2
56 77 3
56 80 4
57 13 4
57 15 0
57 28 2
57 42 0
57 67 3
57 72 2
57 76 0
57 81 2
57 93 4
57 99 1
58 4 4
58 16 1
58 20 0
58 24 0
58 61 0
58 63 3
58 64 0
58 71 1
58 75 0
58 93 0
59 26 4
59 33 0
59 44 4
59 46 0
59 53 0
59 59 0
59 63 2
59 78 3
59 83 2
59 92 1
60 14 2
60 23 2
60 25 1
60 31 2
60 33 1
60 35 1
60 44 2
60 62 2
60 67 1
60 97 1
61 9 4
61 18 4
61 26 3
61 31 3
61 46 3
61 60 3
61 63 2
61 77 1
61 96 0
61 98 4
62 3 4
62 11 4
62 13 0
62 21 0
62 62 4
62 78 4
62 80 2
62 81 3
62 85 4
62 95 2
63 14 4
63 22 3
63 27 3
63 30 0
63 42 2
63 50 4
63 62 4
63 68 2
63 91 1
63 93 4
64 2 0
64 24 1
64 31 0
64 54 3
64 56 0
64 84 0
64 89 1
64 92 3
64 96 1
64 97 0
65 2 1
65 32 2
65 36 1
65 40 2
65 56 4
65 59 4
65 66 1
65 74 2
65 96 0
65 99 3
66 7 1
66 32 1
66 39 3
66 51 0
66 55 0
66 74 1
66 78 4
66 86 3
66 95 1
66 98 2
67 0 1
67 20 0
67 29 2
67 31 1
67 32 3
67 36 0
67 40 2
67 66 3
67 75 1
67 95 4
68 4 3
68 6 3
68 22 1
68 23 4
68 29 0
68 53 1
68 61 2
68 67 0
68 86 3
68 88 3
69 20 1
69 21 1
69 28 1
69 34 0
69 45 1
69 49 3
69 56 3
69 59 2
69 78 1
69 94 1
70 4 4
70 6 0
70 14 0
70 17 4
70 32 2
70 34 1
70 49 0
70 64 3
70 78 0
70 86 0
71 1 0
71 13 4
71 16 2
71 17 3
71 34 4
71 44 2
71 47 3
71 77 0
71 82 2
71 94 0
72 8 0
72 9 1
72 16 3
72 26 2
72 37 0
72 60 1
72 66 2
72 67 1
72 80 4
72 81 4
73 7 0
73 37 2
73 39 0
73 40 1
73 42 4
73 46 0
73 47 2
73 67 3
73 76 2
73 90 1
74 4 4
74 21 2
74 22 3
74 59 3
74 73 3
74 80 3
74 83 0
74 88 3
74 89 3
74 96 0
75 6 4
75 11 1
75 29 3
75 40 2
75 45 1
75 66 4
75 75 1
75 78 4
75 80 2
75 81 2
76 13 0
76 19 3
76 22 0
76 38 4
76 42 4
76 46 0
76 52 1
76 65 2
76 71 4
76 94 0
77 23 3
77 25 2
77 33 2
77 38 3
77 49 2
77 55 1
77 63 4
77 66 2
77 69 4
77 95 4
78 12 2
78 40 3
78 52 2
78 54 3
78 55 0
78 57 4
78 65 3
78 74 2
78 78 2
78 83 3
79 0 3
79 8 0
79 21 3
79 27 0
79 40 3
79 49 4
79 55 2
79 62 1
79 70 2
79 81 2
80 29 0
80 32 4
80 36 1
80 64 1
80 73 0
80 76 1
80 88 0
80 90 4
80 94 1
80 98 2
81 20 0
81 23 4
81 25 1
81 35 3
81 62 1
81 66 4
81 84 1
81 87 4
81 88 3
81 95 3
82 0 1
82 7 4
82 15 2
82 53 3
82 62 1
82 64 0
82 84 0
82 86 2
82 87 0
82 93 0
83 12 3
83 19 0
83 21 1
83 34 1
83 73 4
83 74 3
83 82 0
83 91 3
83 96 2
83 98 1
84 14 4
84 17 0
84 26 4
84 27 4
84 51 2
84 55 1
84 59 0
84 60 1
84 63 1
84 74 3
85 13 0
85 20 1
85 25 4
85 30 2
85 55 3
85 60 4
85 76 4
85 79 1
85 81 1
85 91 4
86 2 0
86 17 3
86 31 2
86 37 3
86 39 1
86 42 0
86 49 1
86 61 4
86 75 1
86 79 3
87 9 2
87 18 1
87 20 2
87 21 1
87 31 0
87 32 0
87 46 2
87 55 1
87 57 0
87 65 2
88 13 4
88 24 1
88 32 2
88 41 3
88 54 3
88 62 4
88 68 2
88 74 4
88 77 1
88 99 2
89 3 1
89 10 4
89 19 0
89 23 3
89 40 0
89 59 4
89 77 3
89 82 4
89 84 0
89 91 1
90 2 1
90 6 3
90 12 2
90 18 3
90 32 1
90 46 2
90 57 0
90 74 4
90 75 1
90 86 1
91 0 2
91 2 1
91 7 0
91 12 0
91 16 0
91 17 4
91 26 1
91 41 4
91 43 0
91 82 0
92 17 4
92 25 3
92 58 0
92 64 0
92 70 1
92 77 4
92 89 3
92 92 3
92 93 3
92 94 3
93 15 0
93 20 4
93 24 3
93 27 4
93 41 1
93 50 2
93 55 0
93 57 4
93 87 2
93 97 4
94 16 0
94 18 1
94 31 4
94 40 3
94 42 0
94 55 3
94 63 4
94 70 4
94 72 0
94 93 4
95 6 0
95 9 2
95 12 0
95 25 3
95 44 2
95 57 4
95 67 2
95 78 0
95 89 1
95 94 3
96 4 0
96 7 3
96 9 4
96 24 1
96 41 1
96 60 3
96 73 0
96 83 1
96 88 0
96 98 1
97 18 3
97 24 3
97 28 2
97 40 4
97 47 0
97 49 2
97 52 3
97 60 2
97 73 4
97 88 0
98 2 3
98 8 1
98 12 0
98 44 3
98 69 2
98 71 2
98 79 4
98 89 4
98 90 0
98 96 2
99 22 2
99 36 4
99 40 4
99 53 3
99 58 3
99 65 0
99 76 1
99 90 0
99 95 1
99 99 4
