100
100
3000 3000 3000 3000 3000 3000 3000 3000 3000 3000 3000 3000 3000 3000 3000 3000 3000 3000 3000 3000 3000 3000 3000 3000 3000 3000 3000 3000 3000 3000 3000 3000 3000 3000 3000 3000 3000 3000 3000 3000 3000 3000 3000 3000 3000 3000 3000 3000 3000 3000 3000 3000 3000 3000 3000 3000 3000 3000 3000 3000 3000 3000 3000 3000 3000 3000 3000 3000 3000 3000 3000 3000 3000 3000 3000 3000 3000 3000 3000 3000 3000 3000 3000 3000 3000 3000 3000 3000 3000 3000 3000 3000 3000 3000 3000 3000 3000 3000 3000 3000
0 7 3
0 15 3
0 19 1
0 44 3
0 62 3
0 65 1
0 71 0
0 74 0
0 89 3
0 98 2
1 3 1
1 7 3
1 15 4
1 16 0
1 17 4
1 25 4
1 36 0
1 53 0
1 88 2
1 92 2
2 3 3
2 5 4
2 13 1
2 16 1
2 21 0
2 39 2
2 42 4
2 45 2
2 48 1
2 78 4
3 0 3
3 31 3
3 34 0
3 41 1
3 46 4
3 60 4
3 64 0
3 66 3
3 78 1
3 92 0
4 1 2
4 16 3
4 22 0
4 37 3
4 55 4
4 73 1
4 75 4
4 80 0
4 93 3
4 96 4
5 3 4
5 8 0
5 16 1
5 17 2
5 19 2
5 23 3
5 28 0
5 34 2
5 63 2
5 88 0
6 1 3
6 16 2
6 20 3
6 22 2
6 26 4
6 37 4
6 43 1
6 44 1
6 49 3
6 72 1
7 0 2
7 16 0
7 20 1
7 22 3
7 24 4
7 35 2
7 47 1
7 63 2
7 70 4
7 92 1
8 2 3
8 25 4
8 27 3
8 30 0
8 44 2
8 58 0
8 69 0
8 73 1
8 74 3
8 83 0
9 7 2
9 22 3
9 23 4
9 42 1
9 43 1
9 47 1
9 52 3
9 56 0
9 57 3
9 86 0
10 1 2
10 20 3
10 22 4
10 25 4
10 35 1
10 45 3
10 47 0
10 54 3
10 75 4
10 93 2
11 2 0
11 4 1
11 5 0
11 14 1
11 29 4
11 44 3
11 84 2
11 87 1
11 91 4
11 97 4
12 5 2
12 20 3
12 42 2
12 48 3
12 51 3
12 53 3
12 63 0
12 83 3
12 90 0
12 93 2
13 4 0
13 5 0
13 6 2
13 12 0
13 25 3
13 35 1
13 39 4
13 64 2
13 81 0
13 85 4
14 7 2
14 15 4
14 18 4
14 51 4
14 59 0
14 60 1
14 70 0
14 85 3
14 86 4
14 92 3
15 0 2
15 3 2
15 13 4
15 18 1
15 20 0
15 23 2
15 27 1
15 29 4
15 38 1
15 40 3
16 3 2
16 4 1
16 19 2
16 20 1
16 32 4
16 52 1
16 63 1
16 85 2
16 89 1
16 91 0
17 0 4
17 1 4
17 35 0
17 41 0
17 56 4
17 60 0
17 64 1
17 70 4
17 77 0
17 97 1
18 6 4
18 23 2
18 32 3
18 34 3
18 36 0
18 63 4
18 78 2
18 83 2
18 89 1
18 99 1
19 6 1
19 22 1
19 32 4
19 40 1
19 50 0
19 53 1
19 63 4
19 68 0
19 71 4
19 84 4
20 3 2
20 6 0
20 7 2
20 11 3
20 15 1
20 27 2
20 31 2
20 46 1
20 50 4
20 65 2
21 9 4
21 11 3
21 18 4
21 22 2
21 29 2
21 30 2
21 34 0
21 37 1
21 52 2
21 60 1
22 0 1
22 16 2
22 28 3
22 35 2
22 36 2
22 59 0
22 65 0
22 70 0
22 83 0
22 88 4
23 8 3
23 20 3
23 39 4
23 47 0
23 54 1
23 56 0
23 67 0
23 68 1
23 69 4
23 87 1
24 4 3
24 10 2
24 26 4
24 48 3
24 50 2
24 54 4
24 67 1
24 69 3
24 79 0
24 89 2
25 2 0
25 3 0
25 4 2
25 19 3
25 22 3
25 23 4
25 34 3
25 53 2
25 72 1
25 81 0
26 2 2
26 18 3
26 20 3
26 25 2
26 31 4
26 40 3
26 45 1
26 59 1
26 65 2
26 92 2
27 4 3
27 18 1
27 23 0
27 30 2
27 50 3
27 71 2
27 77 2
27 81 1
27 85 4
27 88 0
28 16 4
28 29 1
28 30 1
28 35 0
28 43 2
28 45 0
28 59 4
28 75 1
28 81 1
28 91 0
29 13 0
29 20 4
29 29 0
29 30 3
29 35 4
29 48 2
29 70 4
29 73 4
29 91 0
29 93 4
30 5 2
30 11 4
30 43 1
30 45 4
30 52 1
30 65 2
30 69 3
30 70 2
30 75 2
30 88 0
31 10 4
31 29 3
31 33 2
31 48 1
31 51 2
31 55 4
31 62 1
31 82 2
31 89 3
31 97 4
32 34 1
32 39 2
32 51 4
32 52 4
32 60 1
32 64 3
32 69 3
32 70 1
32 73 1
32 92 0
33 8 3
33 24 3
33 28 1
33 38 3
33 50 4
33 62 0
33 66 2
33 67 1
33 86 4
33 93 3
34 4 3
34 10 0
34 11 4
34 12 2
34 33 4
34 46 1
34 60 2
34 72 3
34 73 3
34 74 4
35 5 4
35 7 0
35 11 4
35 12 4
35 18 4
35 28 1
35 64 0
35 80 3
35 84 4
35 87 0
36 3 4
36 24 0
36 25 2
36 38 0
36 41 0
36 46 2
36 53 2
36 65 2
36 77 1
36 88 4
37 10 1
37 24 1
37 25 3
37 31 1
37 41 3
37 50 0
37 61 2
37 62 0
37 71 1
37 82 4
38 3 3
38 5 4
38 16 0
38 24 4
38 32 0
38 36 2
38 47 4
38 49 4
38 62 2
38 88 3
39 1 3
39 16 3
39 23 1
39 28 2
39 40 4
39 51 1
39 72 1
39 73 4
39 88 4
39 95 1
40 7 3
40 12 0
40 22 3
40 23 2
40 39 1
40 44 1
40 48 1
40 59 3
40 60 2
40 88 2
41 13 4
41 20 3
41 31 1
41 39 3
41 45 3
41 58 1
41 70 2
41 85 4
41 94 4
41 98 2
42 9 3
42 16 0
42 25 4
42 36 3
42 56 4
42 58 1
42 81 0
42 82 4
42 92 1
42 94 0
43 5 1
43 21 0
43 22 0
43 39 2
43 42 4
43 49 0
43 54 4
43 64 0
43 66 4
43 84 1
44 1 3
44 27 0
44 51 0
44 52 1
44 66 1
44 67 3
44 68 1
44 75 1
44 77 3
44 95 1
45 0 1
45 1 2
45 6 2
45 9 1
45 11 1
45 19 3
45 60 0
45 69 4
45 87 1
45 98 2
46 5 4
46 17 1
46 20 4
46 35 2
46 51 4
46 62 4
46 63 2
46 64 1
46 90 3
46 94 2
47 6 2
47 22 0
47 25 0
47 31 1
47 38 2
47 55 1
47 72 4
47 90 1
47 94 2
47 99 4
48 16 3
48 33 2
48 38 3
48 59 0
48 65 4
48 75 1
48 78 1
48 79 3
48 80 4
48 83 4
49 6 1
49 7 1
49 11 2
49 23 4
49 24 4
49 41 1
49 54 4
49 66 4
49 70 1
49 71 2
50 14 3
50 18 1
50 54 1
50 55 1
50 58 4
50 65 0
50 71 2
50 88 4
50 97 0
50 99 1
51 14 1
51 41 1
51 47 2
51 50 0
51 64 0
51 67 1
51 69 0
51 71 1
51 84 0
51 94 3
52 3 3
52 10 2
52 21 1
52 26 3
52 29 4
52 50 3
52 54 3
52 71 2
52 75 0
52 83 4
53 8 1
53 11 1
53 46 0
53 51 4
53 56 3
53 59 4
53 60 4
53 73 0
53 82 0
53 86 4
54 2 4
54 20 2
54 21 0
54 24 4
54 25 3
54 31 4
54 52 0
54 75 3
54 88 1
54 90 0
55 5 4
55 18 0
55 27 2
55 34 4
55 38 3
55 55 0
55 93 0
55 95 3
55 98 3
55 99 3
56 8 0
56 25 4
56 48 0
56 49 3
56 57 3
56 60 1
56 64 0
56 80 4
56 90 3
56 98 1
57 5 0
57 10 4
57 16 4
57 25 3
57 27 0
57 30 4
57 43 0
57 53 3
57 95 1
57 98 1
58 20 3
58 24 0
58 31 4
58 36 4
58 43 1
58 48 1
58 54 0
58 56 2
58 65 4
58 93 2
59 2 1
59 50 2
59 69 0
59 76 0
59 78 1
59 80 4
59 83 1
59 86 1
59 91 3
59 92 1
60 2 0
60 14 2
60 15 4
60 33 4
60 41 2
60 55 0
60 68 1
60 73 0
60 85 0
60 97 4
61 10 4
61 16 2
61 25 2
61 52 0
61 63 1
61 64 1
61 70 1
61 78 0
61 82 1
61 93 0
62 8 0
62 9 3
62 13 4
62 18 3
62 37 3
62 53 1
62 80 3
62 85 2
62 95 1
62 99 2
63 3 2
63 12 2
63 32 4
63 54 1
63 56 1
63 59 1
63 73 4
63 94 3
63 95 4
63 98 0
64 18 1
64 28 2
64 33 0
64 37 3
64 42 3
64 64 0
64 76 4
64 83 0
64 86 0
64 97 4
65 31 3
65 33 0
65 49 3
65 55 3
65 62 0
65 66 3
65 75 1
65 80 3
65 85 3
65 96 4
66 2 3
66 13 1
66 25 1
66 28 4
66 64 0
66 72 4
66 78 3
66 82 1
66 88 2
66 99 3
67 11 2
67 18 3
67 44 4
67 46 2
67 52 3
67 74 3
67 81 0
67 84 4
67 92 0
67 97 3
68 15 2
68 17 1
68 19 3
68 28 4
68 30 0
68 33 3
68 46 1
68 76 2
68 78 1
68 85 2
69 10 4
69 18 3
69 19 0
69 20 3
69 44 3
69 45 3
69 46 2
69 50 3
69 96 3
69 99 0
70 14 0
70 17 3
70 33 4
70 37 4
70 41 0
70 48 1
70 71 4
70 77 2
70 86 1
70 94 2
71 3 1
71 8 0
71 11 3
71 13 3
71 61 1
71 62 4
71 72 3
71 89 3
71 92 1
71 95 2
72 8 1
72 13 0
72 30 0
72 39 2
72 48 2
72 56 1
72 66 2
72 69 3
72 75 1
72 77 3
73 5 4
73 6 1
73 24 2
73 31 0
73 38 1
73 57 0
73 60 1
73 79 4
73 82 2
73 85 2
74 20 1
74 25 3
74 39 2
74 41 2
74 80 2
74 88 0
74 95 4
74 97 0
74 98 0
74 99 0
75 0 2
75 12 0
75 14 2
75 29 3
75 38 3
75 43 0
75 52 0
75 57 0
75 71 3
75 93 0
76 6 1
76 14 2
76 24 3
76 28 3
76 35 1
76 63 3
76 65 3
76 66 3
76 84 3
76 89 0
77 13 1
77 18 3
77 33 3
77 40 1
77 46 4
77 58 2
77 61 4
77 82 2
77 87 3
77 91 4
78 6 4
78 9 0
78 10 4
78 30 3
78 32 3
78 38 2
78 48 3
78 60 1
78 73 2
78 97 1
79 5 0
79 8 0
79 32 3
79 37 0
79 40 0
79 46 3
79 49 3
79 77 0
79 84 4
79 90 4
80 2 3
80 5 2
80 34 0
80 45 4
80 46 2
80 49 3
80 57 1
80 82 3
80 85 0
80 89 1
81 7 1
81 11 1
81 13 4
81 29 0
81 39 0
81 42 2
81 48 3
81 59 1
81 76 1
81 82 2
82 3 2
82 7 0
82 9 1
82 19 1
82 25 1
82 57 2
82 71 3
82 83 3
82 85 3
82 93 2
83 22 0
83 23 2
83 30 1
83 32 3
83 39 1
83 41 2
83 61 2
83 63 3
83 66 2
83 78 1
84 11 0
84 31 3
84 32 3
84 55 3
84 63 0
84 70 3
84 76 2
84 78 0
84 90 2
84 94 3
85 7 4
85 26 0
85 27 4
85 42 4
85 56 2
85 65 4
85 79 4
85 87 3
85 91 3
85 94 4
86 35 0
86 38 3
86 41 3
86 42 3
86 46 3
86 75 4
86 76 4
86 91 2
86 96 1
86 99 2
87 12 2
87 14 2
87 18 3
87 22 0
87 24 1
87 37 1
87 49 4
87 57 3
87 68 4
87 74 1
88 3 1
88 5 0
88 19 1
88 29 2
88 35 4
88 45 2
88 55 3
88 57 3
88 59 2
88 80 4
89 6 2
89 19 2
89 31 0
89 37 2
89 38 1
89 49 0
89 74 3
89 83 1
89 97 2
89 98 1
90 4 4
90 5 1
90 19 0
90 36 1
90 42 0
90 43 3
90 70 3
90 81 0
90 89 0
90 95 2
91 7 3
91 31 4
91 43 1
91 56 0
91 64 2
91 66 0
91 73 0
91 76 3
91 82 2
91 83 4
92 16 3
92 19 0
92 20 4
92 21 0
92 22 2
92 30 2
92 70 2
92 85 3
92 89 2
92 92 2
93 14 3
93 19 0
93 20 0
93 21 1
93 30 3
93 32 1
93 37 2
93 44 2
93 56 2
93 96 3
94 3 0
94 5 2
94 9 3
94 21 3
94 32 2
94 42 1
94 48 0
94 75 2
94 82 1
94 92 4
95 1 4
95 6 4
95 7 2
95 13 4
95 37 0
95 44 4
95 56 0
95 70 4
95 74 0
95 81 2
96 0 2
96 4 3
96 11 2
96 16 0
96 26 0
96 34 1
96 40 3
96 67 0
96 73 3
96 97 4
97 6 2
97 11 3
97 25 3
97 35 4
97 36 4
97 37 1
97 51 1
97 56 4
97 67 4
97 88 4
98 5 2
98 11 0
98 26 3
98 27 4
98 43 2
98 62 3
98 68 3
98 72 3
98 80 4
98 99 2
99 10 4
99 12 4
99 23 0
99 28 0
99 59 0
99 61 1
99 65 0
99 69 4
99 81 0
99 92 1
