100
100
3000 3000 3000 3000 3000 3000 3000 3000 3000 3000 3000 3000 3000 3000 3000 3000 3000 3000 3000 3000 3000 3000 3000 3000 3000 3000 3000 3000 3000 3000 3000 3000 3000 3000 3000 3000 3000 3000 3000 3000 3000 3000 3000 3000 3000 3000 3000 3000 3000 3000 3000 3000 3000 3000 3000 3000 3000 3000 3000 3000 3000 3000 3000 3000 3000 3000 3000 3000 3000 3000 3000 3000 3000 3000 3000 3000 3000 3000 3000 3000 3000 3000 3000 3000 3000 3000 3000 3000 3000 3000 3000 3000 3000 3000 3000 3000 3000 3000 3000 3000
0 9 1
0 12 1
0 16 3
0 25 3
0 30 2
0 50 1
0 53 4
0 56 1
0 59 1
0 96 3
1 13 3
1 21 1
1 22 4
1 45 1
1 52 1
1 62 1
1 64 1
1 86 3
1 91 4
1 95 1
2 1 2
2 7 2
2 11 4
2 27 1
2 36 1
2 54 0
2 55 1
2 59 4
2 76 2
2 98 4
3 9 3
3 14 4
3 17 3
3 18 0
3 19 2
3 24 0
3 37 0
3 78 4
3 84 4
3 88 1
4 15 3
4 26 3
4 43 2
4 49 0
4 51 1
4 77 0
4 89 4
4 90 4
4 96 1
4 97 3
5 6 4
5 7 3
5 10 1
5 12 1
5 27 4
5 34 3
5 35 1
5 76 3
5 80 0
5 81 2
6 17 3
6 20 0
6 26 1
6 27 0
6 32 0
6 35 0
6 40 4
6 46 0
6 50 4
6 51 3
7 4 1
7 8 3
7 14 4
7 31 4
7 45 2
7 52 4
7 67 3
7 84 4
7 87 0
7 88 4
8 7 0
8 11 1
8 17 0
8 22 2
8 40 2
8 50 2
8 76 1
8 79 0
8 91 2
8 93 0
9 15 1
9 21 3
9 43 1
9 45 4
9 67 0
9 74 0
9 76 0
9 85 4
9 87 4
9 97 2
10 1 4
10 11 1
10 19 4
10 31 3
10 56 4
10 59 2
10 62 0
10 87 2
10 97 1
10 99 4
11 10 1
11 16 0
11 21 2
11 64 1
11 73 4
11 77 0
11 81 0
11 87 0
11 90 2
11 99 2
12 8 2
12 12 0
12 17 0
12 20 1
12 22 0
12 37 3
12 50 3
12 52 3
12 59 0
12 86 4
13 13 3
13 14 0
13 17 1
13 32 4
13 33 1
13 45 1
13 53 2
13 66 4
13 89 2
13 93 4
14 0 3
14 14 2
14 15 2
14 29 3
14 36 2
14 54 2
14 59 3
14 64 1
14 80 1
14 95 4
15 3 4
15 6 3
15 14 4
15 26 2
15 35 3
15 40 1
15 47 2
15 84 1
15 88 3
15 90 4
16 5 1
16 29 0
16 34 0
16 40 0
16 57 4
16 65 2
16 83 3
16 87 2
16 98 2
16 99 2
17 13 3
17 25 3
17 32 2
17 45 3
17 57 4
17 61 4
17 80 2
17 86 4
17 90 1
17 95 0
18 0 3
18 4 1
18 8 0
18 9 2
18 20 3
18 25 2
18 26 0
18 35 3
18 68 1
18 83 3
19 17 4
19 23 3
19 30 0
19 34 3
19 35 0
19 48 4
19 59 4
19 65 0
19 82 4
19 91 1
20 3 2
20 21 2
20 37 3
20 45 0
20 49 3
20 58 1
20 63 1
20 67 3
20 80 0
20 98 0
21 4 0
21 25 4
21 48 2
21 54 3
21 59 2
21 60 0
21 61 1
21 70 2
21 81 0
21 98 1
22 4 3
22 10 2
22 24 4
22 25 3
22 41 4
22 57 4
22 64 0
22 76 1
22 86 4
22 90 4
23 5 3
23 9 4
23 13 1
23 32 2
23 33 4
23 42 4
23 58 0
23 68 4
23 90 3
23 92 1
24 0 4
24 21 2
24 22 1
24 29 0
24 58 3
24 61 0
24 86 4
24 95 4
24 96 3
24 99 1
25 3 0
25 17 3
25 21 3
25 24 0
25 28 4
25 42 4
25 73 3
25 82 1
25 95 0
25 99 3
26 5 1
26 14 4
26 25 2
26 28 4
26 32 4
26 38 2
26 60 2
26 74 3
26 85 1
26 92 1
27 5 0
27 16 3
27 25 3
27 47 1
27 52 2
27 72 3
27 74 2
27 78 2
27 86 3
27 89 4
28 4 4
28 12 4
28 13 1
28 58 1
28 69 3
28 79 2
28 83 2
28 94 0
28 95 4
28 99 2
29 9 3
29 14 3
29 16 3
29 17 1
29 24 3
29 28 4
29 57 0
29 58 3
29 63 4
29 80 3
30 4 0
30 27 0
30 35 2
30 40 1
30 47 4
30 51 0
30 53 2
30 72 0
30 77 3
30 89 2
31 3 4
31 11 0
31 20 4
31 26 0
31 45 0
31 66 3
31 71 4
31 80 1
31 91 1
31 95 2
32 7 3
32 8 2
32 16 4
32 44 2
32 67 4
32 69 0
32 80 2
32 85 2
32 90 1
32 97 0
33 22 0
33 24 2
33 29 3
33 31 2
33 44 4
33 47 4
33 52 1
33 63 0
33 84 1
33 93 0
34 11 2
34 17 4
34 18 2
34 23 2
34 31 4
34 32 0
34 33 3
34 35 4
34 56 3
34 84 2
35 4 0
35 21 2
35 26 0
35 32 2
35 42 0
35 53 0
35 69 3
35 83 2
35 85 4
35 88 3
36 3 2
36 22 1
36 25 2
36 38 3
36 42 2
36 51 0
36 69 3
36 74 1
36 89 1
36 92 1
37 0 2
37 8 1
37 25 2
37 32 3
37 37 2
37 46 3
37 51 3
37 58 0
37 79 4
37 92 0
38 10 2
38 13 0
38 15 0
38 29 1
38 32 0
38 40 0
38 44 1
38 50 3
38 94 0
38 97 4
39 2 1
39 6 2
39 15 1
39 16 4
39 17 3
39 41 3
39 55 1
39 60 0
39 86 3
39 93 2
40 21 0
40 22 2
40 32 4
40 35 2
40 36 4
40 56 3
40 75 4
40 79 2
40 85 0
40 99 0
41 12 3
41 17 0
41 31 2
41 53 4
41 56 2
41 60 3
41 79 4
41 80 1
41 95 2
41 98 0
42 14 0
42 16 3
42 34 0
42 41 1
42 49 1
42 55 1
42 58 4
42 65 2
42 66 3
42 84 4
43 1 1
43 13 4
43 24 0
43 28 0
43 31 2
43 54 0
43 55 0
43 70 4
43 72 1
43 90 3
44 8 1
44 12 0
44 26 2
44 36 1
44 51 0
44 71 4
44 78 1
44 87 1
44 90 4
44 91 2
45 26 3
45 32 0
45 44 4
45 54 0
45 57 3
45 58 1
45 60 4
45 63 2
45 65 0
45 79 0
46 2 2
46 8 4
46 29 4
46 37 2
46 43 4
46 58 4
46 66 2
46 88 4
46 96 4
46 97 4
47 34 3
47 35 4
47 44 0
47 50 2
47 54 1
47 60 0
47 70 3
47 89 0
47 90 4
47 98 1
48 7 4
48 12 1
48 14 4
48 42 2
48 43 3
48 44 1
48 45 2
48 60 3
48 79 4
48 89 0
49 14 0
49 17 1
49 24 2
49 26 2
49 44 0
49 47 0
49 50 3
49 61 2
49 69 2
49 90 3
50 4 0
50 23 4
50 26 4
50 34 2
50 52 4
50 55 2
50 67 0
50 69 3
50 83 4
50 99 2
51 0 3
51 15 4
51 20 1
51 26 1
51 29 3
51 41 1
51 48 3
51 59 4
51 66 2
51 70 3
52 11 1
52 28 0
52 43 4
52 44 2
52 54 2
52 55 1
52 62 0
52 75 2
52 76 2
52 97 4
53 8 2
53 11 4
53 28 1
53 29 0
53 59 4
53 73 4
53 81 3
53 83 4
53 90 2
53 94 2
54 0 1
54 25 3
54 30 3
54 59 2
54 67 2
54 71 2
54 72 1
54 78 1
54 86 4
54 92 2
55 10 1
55 30 0
55 42 3
55 64 3
55 78 2
55 85 1
55 86 0
55 87 3
55 95 0
55 96 0
56 13 3
56 15 3
56 41 1
56 49 3
56 52 4
56 59 3
56 68 3
56 69 0
56 81 0
56 90 3
57 4 4
57 11 1
57 13 2
57 29 3
57 34 0
57 35 4
57 59 0
57 70 3
57 80 0
57 83 4
58 4 2
58 6 1
58 7 1
58 12 0
58 21 2
58 33 4
58 34 2
58 60 1
58 67 1
58 96 2
59 2 3
59 12 4
59 27 2
59 40 2
59 46 4
59 49 4
59 58 3
59 60 3
59 62 2
59 73 4
60 4 0
60 17 0
60 25 4
60 27 2
60 42 2
60 51 4
60 68 4
60 78 2
60 81 0
60 95 0
61 8 0
61 9 3
61 22 2
61 31 1
61 36 0
61 44 2
61 63 4
61 75 2
61 96 2
61 99 3
62 4 0
62 27 4
62 31 0
62 42 4
62 53 2
62 62 0
62 69 2
62 74 2
62 88 0
62 89 0
63 11 1
63 22 3
63 27 4
63 28 3
63 34 4
63 36 2
63 38 1
63 47 4
63 50 1
63 81 3
64 1 0
64 2 1
64 11 3
64 27 4
64 44 1
64 55 0
64 62 2
64 68 4
64 72 0
64 94 4
65 7 4
65 12 1
65 18 3
65 50 4
65 67 2
65 68 0
65 75 4
65 80 4
65 85 2
65 88 1
66 1 2
66 14 1
66 31 2
66 37 0
66 39 3
66 45 4
66 50 0
66 67 0
66 69 2
66 78 1
67 4 3
67 11 3
67 12 0
67 20 3
67 26 0
67 46 3
67 55 2
67 78 4
67 81 4
67 92 2
68 1 3
68 28 1
68 35 1
68 40 3
68 41 4
68 51 1
68 65 4
68 68 3
68 72 2
68 93 2
69 29 2
69 31 2
69 41 0
69 42 2
69 50 2
69 58 0
69 70 2
69 73 3
69 85 2
69 90 3
70 0 3
70 16 0
70 26 0
70 32 2
70 33 2
70 38 1
70 40 3
70 47 1
70 55 3
70 59 3
71 5 0
71 16 1
71 40 0
71 44 4
71 52 4
71 60 2
71 83 3
71 84 0
71 89 3
71 95 3
72 6 4
72 7 0
72 28 0
72 36 4
72 40 4
72 43 3
72 46 2
72 68 1
72 73 4
72 75 3
73 11 0
73 12 4
73 28 1
73 46 4
73 51 3
73 55 4
73 60 3
73 82 4
73 83 2
73 84 3
74 5 3
74 44 3
74 53 1
74 54 3
74 57 4
74 71 1
74 74 1
74 78 0
74 81 0
74 85 3
75 9 1
75 19 1
75 23 2
75 24 4
75 53 4
75 54 2
75 63 0
75 70 2
75 80 3
75 83 0
76 5 4
76 33 2
76 41 3
76 53 0
76 54 4
76 64 0
76 74 2
76 93 3
76 94 2
76 97 1
77 5 4
77 9 4
77 21 4
77 27 1
77 42 1
77 60 4
77 61 3
77 73 0
77 76 1
77 79 0
78 3 3
78 6 0
78 9 4
78 20 2
78 31 2
78 36 1
78 57 4
78 65 1
78 68 1
78 78 4
79 3 4
79 8 3
79 9 4
79 16 3
79 20 0
79 33 0
79 44 3
79 55 1
79 81 4
79 88 3
80 24 4
80 36 1
80 37 0
80 49 3
80 52 0
80 56 3
80 77 3
80 78 2
80 81 3
80 89 3
81 0 4
81 2 1
81 3 3
81 12 2
81 42 1
81 44 4
81 62 1
81 64 1
81 72 2
81 94 0
82 3 1
82 16 4
82 20 3
82 38 2
82 42 4
82 52 0
82 56 4
82 68 0
82 92 0
82 99 0
83 11 0
83 22 2
83 39 2
83 41 0
83 51 0
83 66 1
83 70 0
83 75 0
83 85 3
83 88 4
84 20 1
84 57 1
84 61 3
84 63 3
84 79 1
84 81 1
84 84 2
84 89 3
84 90 4
84 96 3
85 0 1
85 12 2
85 16 3
85 51 4
85 55 4
85 61 1
85 67 4
85 79 1
85 80 1
85 87 2
86 25 2
86 29 1
86 31 2
86 43 2
86 52 4
86 54 3
86 62 2
86 71 2
86 90 1
86 91 0
87 4 2
87 11 4
87 17 2
87 33 0
87 37 4
87 43 3
87 52 1
87 53 3
87 63 2
87 76 4
88 16 0
88 32 4
88 55 3
88 56 4
88 63 2
88 66 2
88 67 1
88 88 2
88 94 4
88 95 0
89 8 4
89 19 1
89 26 1
89 29 0
89 31 1
89 40 0
89 72 2
89 81 0
89 86 0
89 97 4
90 9 4
90 21 4
90 49 3
90 50 1
90 53 1
90 76 3
90 78 2
90 79 4
90 80 3
90 89 2
91 18 3
91 32 1
91 56 2
91 60 0
91 62 3
91 65 2
91 78 0
91 86 0
91 91 1
91 99 3
92 3 3
92 4 1
92 11 3
92 29 3
92 40 1
92 47 1
92 50 1
92 77 3
92 80 4
92 88 4
93 18 0
93 34 2
93 43 3
93 46 3
93 55 3
93 57 1
93 58 0
93 74 2
93 94 4
93 96 0
94 1 1
94 4 1
94 10 3
94 23 0
94 31 1
94 41 1
94 45 2
94 57 2
94 61 2
94 68 4
95 4 0
95 7 3
95 25 0
95 40 0
95 41 3
95 65 1
95 78 1
95 79 3
95 94 1
95 97 4
96 10 0
96 12 1
96 13 3
96 14 4
96 26 0
96 46 4
96 69 4
96 73 1
96 78 3
96 79 2
97 19 0
97 32 0
97 38 3
97 43 0
97 54 3
97 61 2
97 64 3
97 71 1
97 79 1
97 90 2
98 8 2
98 24 3
98 29 2
98 34 4
98 42 3
98 43 1
98 62 3
98 69 0
98 74 3
98 91 0
99 5 1
99 16 3
99 37 1
99 42 0
99 53 3
99 72 1
99 73 3
99 76 4
99 91 3
99 95 3
