100
100
3000 3000 3000 3000 3000 3000 3000 3000 3000 3000 3000 3000 3000 3000 3000 3000 3000 3000 3000 3000 3000 3000 3000 3000 3000 3000 3000 3000 3000 3000 3000 3000 3000 3000 3000 3000 3000 3000 3000 3000 3000 3000 3000 3000 3000 3000 3000 3000 3000 3000 3000 3000 3000 3000 3000 3000 3000 3000 3000 3000 3000 3000 3000 3000 3000 3000 3000 3000 3000 3000 3000 3000 3000 3000 3000 3000 3000 3000 3000 3000 3000 3000 3000 3000 3000 3000 3000 3000 3000 3000 3000 3000 3000 3000 3000 3000 3000 3000 3000 3000
0 46 0
0 50 2
0 54 2
0 58 3
0 64 1
0 67 2
0 79 4
0 87 1
0 93 2
0 97 0
1 2 4
1 4 1
1 33 1
1 35 0
1 49 4
1 60 1
1 65 4
1 81 2
1 84 0
1 87 1
2 1 3
2 6 3
2 9 2
2 40 1
2 43 3
2 47 2
2 52 3
2 74 4
2 98 2
2 99 1
3 3 3
3 7 1
3 8 0
3 42 1
3 48 0
3 54 3
3 72 3
3 74 1
3 88 1
3 97 1
4 1 0
4 8 1
4 9 0
4 15 2
4 18 4
4 20 2
4 24 4
4 26 3
4 53 4
4 84 2
5 4 2
5 11 0
5 24 1
5 44 1
5 55 2
5 62 1
5 67 1
5 74 2
5 95 4
5 98 4
6 2 2
6 4 0
6 5 0
6 6 2
6 9 1
6 32 0
6 40 2
6 70 0
6 78 1
6 85 4
7 12 3
7 19 4
7 24 2
7 27 1
7 30 2
7 55 3
7 58 0
7 77 1
7 81 3
7 89 3
8 12 1
8 19 3
8 26 2
8 31 2
8 41 2
8 42 0
8 45 3
8 75 3
8 94 1
8 98 3
9 4 4
9 6 2
9 9 4
9 12 3
9 21 4
9 27 2
9 28 3
9 61 0
9 82 4
9 98 3
10 4 3
10 17 0
10 44 2
10 47 1
10 53 2
10 60 2
10 76 1
10 80 0
10 85 4
10 93 4
11 12 1
11 17 3
11 27 0
11 38 1
11 50 1
11 62 0
11 70 3
11 73 1
11 75 4
11 94 0
12 2 4
12 11 1
12 17 1
12 19 3
12 24 0
12 44 3
12 53 3
12 54 2
12 60 3
12 93 1
13 2 1
13 3 2
13 21 2
13 30 4
13 40 0
13 55 2
13 67 2
13 76 2
13 85 1
13 89 1
14 1 0
14 9 3
14 10 3
14 13 0
14 14 3
14 23 3
14 32 0
14 40 4
14 66 1
14 89 3
15 5 4
15 11 0
15 13 1
15 29 1
15 31 1
15 41 2
15 62 3
15 67 0
15 69 4
15 72 1
16 14 0
16 28 0
16 30 3
16 37 1
16 40 2
16 49 4
16 63 4
16 66 2
16 71 2
16 97 4
17 21 0
17 35 3
17 40 1
17 48 3
17 49 1
17 64 3
17 70 3
17 78 1
17 86 0
17 88 0
18 14 0
18 20 4
18 25 0
18 26 0
18 30 1
18 43 1
18 52 0
18 54 3
18 77 1
18 81 4
19 8 0
19 34 0
19 57 1
19 60 4
19 72 3
19 74 2
19 81 1
19 87 4
19 88 0
19 94 2
20 14 3
20 24 1
20 29 3
20 36 1
20 45 2
20 53 2
20 54 1
20 58 4
20 75 0
20 76 1
21 8 3
21 21 3
21 23 2
21 27 0
21 46 4
21 60 4
21 79 2
21 83 1
21 84 1
21 88 1
22 16 4
22 20 4
22 23 4
22 41 1
22 42 1
22 46 2
22 57 1
22 66 2
22 81 2
22 85 0
23 5 3
23 10 4
23 16 2
23 18 1
23 34 3
23 53 2
23 60 2
23 85 2
23 94 0
23 99 3
24 14 2
24 18 0
24 23 1
24 36 3
24 39 0
24 41 4
24 48 0
24 51 4
24 63 4
24 82 0
25 3 2
25 6 0
25 7 2
25 10 3
25 20 0
25 39 4
25 69 4
25 83 3
25 85 4
25 95 2
26 3 4
26 16 0
26 28 4
26 46 4
26 49 4
26 58 1
26 69 1
26 70 3
26 79 3
26 94 3
27 2 1
27 6 0
27 7 0
27 28 1
27 31 2
27 33 1
27 51 0
27 56 0
27 63 2
27 71 3
28 0 0
28 10 4
28 27 4
28 40 2
28 41 1
28 53 1
28 55 1
28 66 2
28 86 0
28 92 2
29 7 3
29 16 3
29 19 2
29 23 0
29 28 2
29 49 2
29 51 4
29 67 2
29 80 2
29 96 1
30 1 0
30 5 0
30 38 1
30 49 1
30 64 2
30 76 1
30 84 4
30 90 3
30 95 3
30 97 4
31 2 3
31 16 0
31 18 0
31 20 4
31 33 1
31 63 3
31 72 3
31 79 0
31 86 4
31 99 0
32 22 3
32 23 0
32 24 2
32 36 3
32 49 0
32 52 0
32 53 4
32 55 1
32 78 3
32 82 2
33 12 4
33 13 4
33 32 2
33 33 2
33 49 1
33 52 0
33 68 3
33 77 2
33 80 4
33 92 0
34 15 2
34 25 1
34 46 0
34 61 3
34 72 4
34 77 4
34 82 0
34 87 2
34 89 1
34 97 2
35 8 3
35 25 3
35 35 2
35 41 2
35 49 0
35 53 3
35 59 1
35 63 0
35 82 2
35 97 1
36 5 4
36 32 3
36 35 3
36 52 1
36 57 3
36 84 0
36 85 3
36 88 4
36 93 4
36 99 4
37 10 0
37 23 3
37 39 1
37 56 1
37 57 1
37 74 1
37 75 2
37 78 1
37 87 0
37 95 2
38 4 4
38 6 2
38 23 3
38 32 2
38 40 2
38 44 2
38 54 2
38 58 2
38 81 2
38 90 4
39 8 2
39 23 4
39 36 1
39 50 1
39 63 4
39 64 1
39 68 2
39 76 0
39 83 2
39 99 1
40 23 0
40 26 2
40 29 1
40 66 2
40 67 1
40 73 3
40 89 4
40 93 2
40 95 3
40 96 0
41 18 2
41 25 1
41 27 0
41 36 4
41 59 1
41 68 0
41 73 3
41 74 4
41 77 0
41 81 3
42 7 0
42 8 0
42 17 1
42 30 1
42 32 2
42 34 3
42 40 2
42 47 0
42 75 0
42 91 3
43 6 0
43 19 1
43 30 4
43 32 3
43 48 2
43 50 1
43 55 4
43 62 4
43 90 4
43 95 0
44 25 0
44 40 0
44 52 4
44 55 0
44 71 3
44 78 1
44 82 1
44 86 3
44 88 1
44 94 2
45 1 2
45 13 1
45 15 0
45 24 0
45 35 3
45 46 4
45 55 2
45 61 4
45 65 4
45 99 1
46 33 2
46 37 3
46 40 4
46 46 0
46 48 2
46 55 4
46 59 0
46 61 4
46 89 2
46 93 3
47 13 0
47 19 4
47 20 2
47 32 4
47 36 2
47 40 0
47 54 2
47 89 1
47 94 2
47 96 1
48 3 0
48 8 1
48 12 2
48 28 1
48 31 0
48 51 1
48 53 0
48 66 3
48 74 1
48 93 2
49 0 3
49 7 1
49 14 1
49 48 1
49 51 3
49 58 1
49 61 4
49 64 4
49 67 0
49 78 3
50 3 0
50 7 1
50 8 0
50 26 4
50 29 0
50 42 3
50 47 2
50 65 3
50 77 1
50 90 3
51 7 0
51 15 1
51 20 4
51 29 0
51 41 4
51 50 0
51 61 3
51 68 4
51 74 0
51 91 2
52 9 0
52 37 4
52 38 2
52 45 1
52 50 4
52 59 0
52 62 4
52 69 4
52 88 4
52 92 4
53 1 3
53 21 4
53 23 3
53 36 2
53 41 1
53 56 3
53 57 2
53 67 3
53 92 1
53 96 4
54 2 3
54 5 0
54 15 0
54 38 1
54 56 0
54 58 2
54 68 3
54 79 2
54 80 0
54 96 1
55 0 4
55 2 2
55 28 1
55 37 3
55 39 1
55 56 4
55 59 1
55 91 4
55 93 3
55 95 4
56 10 2
56 25 4
56 29 2
56 34 4
56 51 2
56 55 0
56 57 2
56 66 3
56 84 0
56 87 2
57 7 1
57 13 0
57 18 1
57 21 0
57 26 1
57 28 1
57 31 3
57 38 0
57 51 1
57 73 1
58 1 2
58 3 4
58 4 3
58 7 3
58 8 4
58 38 1
58 53 0
58 70 1
58 94 0
58 95 0
59 0 2
59 7 4
59 11 1
59 21 4
59 32 3
59 39 1
59 43 2
59 61 1
59 85 1
59 88 2
60 19 3
60 26 2
60 39 4
60 41 3
60 59 1
60 62 3
60 66 1
60 77 2
60 85 0
60 96 3
61 0 3
61 10 3
61 14 2
61 15 3
61 28 1
61 29 1
61 63 1
61 81 2
61 87 2
61 94 4
62 2 4
62 4 2
62 6 3
62 9 0
62 17 1
62 21 0
62 45 2
62 48 0
62 49 4
62 73 2
63 1 0
63 2 0
63 32 1
63 33 1
63 34 0
63 37 1
63 38 3
63 48 1
63 72 0
63 74 2
64 0 1
64 8 1
64 17 1
64 23 4
64 34 1
64 35 1
64 45 1
64 57 2
64 77 0
64 91 2
65 0 0
65 12 2
65 20 3
65 27 0
65 36 3
65 40 3
65 68 3
65 75 2
65 80 3
65 85 0
66 18 1
66 22 4
66 29 2
66 33 2
66 39 2
66 55 4
66 66 1
66 88 4
66 91 0
66 97 1
67 7 3
67 11 2
67 26 2
67 52 0
67 54 4
67 76 0
67 78 1
67 87 1
67 95 0
67 97 3
68 0 4
68 5 0
68 9 4
68 27 1
68 28 1
68 47 0
68 63 2
68 64 4
68 65 1
68 74 0
69 10 0
69 12 4
69 22 1
69 28 3
69 51 0
69 55 2
69 72 2
69 81 4
69 98 3
69 99 2
70 1 2
70 3 1
70 29 3
70 35 4
70 54 1
70 57 1
70 61 2
70 64 3
70 81 2
70 91 3
71 9 4
71 13 3
71 25 1
71 31 2
71 38 1
71 41 3
71 60 2
71 85 3
71 89 3
71 90 0
72 7 1
72 16 1
72 44 1
72 46 3
72 55 3
72 59 3
72 79 3
72 90 2
72 91 1
72 98 3
73 0 3
73 10 0
73 14 1
73 16 3
73 24 3
73 30 0
73 45 0
73 48 0
73 54 0
73 97 1
74 9 2
74 17 4
74 19 1
74 24 3
74 26 2
74 37 0
74 74 3
74 81 2
74 91 2
74 92 0
75 2 3
75 3 0
75 13 2
75 32 1
75 37 0
75 62 1
75 70 1
75 81 1
75 86 3
75 98 0
76 13 4
76 16 2
76 30 1
76 43 0
76 74 1
76 84 2
76 85 4
76 88 1
76 98 2
76 99 2
77 6 0
77 14 0
77 22 3
77 27 0
77 47 3
77 55 3
77 59 3
77 61 4
77 77 3
77 99 1
78 2 3
78 4 0
78 9 3
78 10 3
78 19 2
78 21 1
78 27 3
78 30 4
78 73 2
78 93 0
79 4 4
79 9 4
79 13 2
79 40 2
79 42 4
79 44 4
79 50 2
79 59 1
79 77 3
79 96 4
80 1 1
80 6 1
80 12 0
80 34 4
80 37 2
80 41 1
80 50 2
80 61 1
80 72 3
80 83 1
81 6 0
81 8 1
81 19 4
81 23 2
81 28 3
81 29 3
81 52 3
81 65 4
81 74 4
81 89 4
82 12 2
82 16 0
82 18 2
82 32 1
82 33 1
82 65 1
82 68 3
82 76 0
82 77 3
82 88 1
83 3 0
83 45 4
83 48 1
83 50 0
83 53 1
83 54 0
83 74 1
83 87 4
83 90 4
83 91 3
84 13 4
84 37 1
84 39 0
84 44 2
84 49 4
84 54 1
84 60 0
84 70 0
84 89 4
84 98 4
85 1 4
85 3 2
85 19 2
85 23 4
85 40 2
85 45 2
85 63 2
85 65 0
85 97 4
85 99 1
86 5 3
86 7 1
86 12 3
86 22 2
86 25 4
86 34 2
86 41 3
86 45 0
86 63 2
86 97 2
87 10 3
87 20 0
87 23 0
87 33 1
87 46 0
87 57 3
87 61 2
87 82 4
87 87 2
87 91 3
88 4 1
88 13 4
88 19 4
88 32 4
88 49 4
88 60 1
88 61 3
88 72 3
88 76 3
88 99 4
89 32 4
89 40 2
89 48 4
89 62 2
89 64 4
89 65 3
89 80 0
89 86 4
89 89 0
89 96 0
90 29 1
90 30 3
90 31 0
90 39 1
90 42 2
90 49 4
90 53 1
90 62 0
90 65 1
90 87 1
91 18 2
91 20 3
91 22 2
91 25 2
91 27 1
91 55 1
91 71 1
91 74 3
91 79 4
91 84 1
92 3 2
92 24 2
92 55 4
92 68 3
92 77 3
92 81 3
92 85 3
92 87 2
92 96 2
92 99 4
93 13 4
93 16 0
93 23 4
93 30 1
93 36 3
93 55 2
93 68 4
93 71 0
93 76 4
93 91 2
94 14 1
94 19 4
94 22 3
94 23 4
94 32 4
94 35 0
94 36 4
94 37 1
94 43 0
94 56 0
95 1 1
95 8 4
95 15 3
95 21 3
95 28 0
95 39 1
95 43 4
95 55 0
95 57 0
95 82 3
96 3 2
96 25 4
96 34 1
96 46 0
96 52 2
96 57 2
96 65 3
96 67 3
96 87 0
96 96 1
97 0 2
97 9 3
97 13 3
97 17 1
97 22 0
97 56 3
97 60 3
97 72 0
97 93 2
97 96 1
98 25 1
98 30 2
98 39 1
98 49 0
98 61 2
98 67 4
98 79 0
98 81 1
98 83 1
98 90 0
99 0 4
99 1 4
99 15 3
99 22 0
99 26 2
99 38 2
99 58 3
99 66 1
99 83 3
99 98 4
