100
100
3000 3000 3000 3000 3000 3000 3000 3000 3000 3000 3000 3000 3000 3000 3000 3000 3000 3000 3000 3000 3000 3000 3000 3000 3000 3000 3000 3000 3000 3000 3000 3000 3000 3000 3000 3000 3000 3000 3000 3000 3000 3000 3000 3000 3000 3000 3000 3000 3000 3000 3000 3000 3000 3000 3000 3000 3000 3000 3000 3000 3000 3000 3000 3000 3000 3000 3000 3000 3000 3000 3000 3000 3000 3000 3000 3000 3000 3000 3000 3000 3000 3000 3000 3000 3000 3000 3000 3000 3000 3000 3000 3000 3000 3000 3000 3000 3000 3000 3000 3000
0 8 4
0 20 0
0 40 4
0 48 2
0 64 4
0 67 3
0 74 3
0 76 4
0 79 4
0 83 2
1 14 3
1 20 2
1 31 3
1 44 0
1 45 0
1 84 1
1 91 0
1 94 0
1 95 0
1 96 0
2 6 4
2 8 0
2 12 1
2 20 1
2 22 3
2 39 4
2 54 1
2 57 2
2 79 3
2 81 4
3 21 3
3 27 3
3 29 0
3 36 3
3 45 3
3 47 4
3 51 1
3 65 2
3 73 1
3 75 3
4 25 4
4 42 4
4 49 0
4 65 2
4 71 4
4 85 2
4 86 1
4 90 1
4 95 4
4 97 3
5 7 4
5 11 2
5 23 3
5 31 4
5 39 4
5 46 1
5 57 4
5 85 1
5 89 3
5 93 1
6 3 3
6 13 2
6 31 0
6 38 3
6 45 4
6 66 3
6 75 3
6 76 2
6 83 3
6 84 2
7 18 2
7 23 2
7 31 1
7 42 3
7 75 2
7 83 4
7 84 1
7 91 3
7 93 4
7 94 1
8 5 1
8 51 0
8 57 4
8 59 0
8 69 2
8 78 4
8 81 3
8 83 4
8 89 0
8 90 0
9 0 0
9 25 4
9 26 3
9 33 4
9 37 2
9 74 3
9 77 0
9 78 0
9 91 4
9 98 2
10 1 2
10 7 1
10 19 0
10 51 0
10 55 3
10 68 4
10 76 1
10 77 4
10 78 2
10 85 4
11 2 4
11 5 2
11 11 2
11 13 1
11 19 3
11 24 4
11 28 1
11 35 2
11 56 2
11 62 0
12 1 4
12 9 2
12 21 4
12 23 3
12 33 1
12 71 4
12 89 4
12 90 4
12 95 2
12 96 4
13 10 1
13 15 2
13 30 3
13 32 0
13 38 0
13 42 2
13 62 4
13 75 2
13 82 1
13 85 0
14 0 1
14 23 1
14 63 4
14 69 3
14 70 2
14 75 0
14 76 2
14 81 4
14 84 0
14 85 0
15 11 2
15 16 2
15 27 3
15 34 4
15 37 0
15 40 2
15 43 0
15 50 1
15 80 2
15 82 0
16 1 3
16 3 3
16 6 4
16 14 4
16 17 1
16 30 3
16 37 3
16 41 4
16 47 0
16 55 2
17 3 2
17 9 2
17 29 2
17 30 3
17 40 4
17 53 4
17 68 4
17 72 1
17 73 3
17 80 4
18 1 1
18 2 0
18 3 2
18 8 2
18 13 3
18 15 2
18 56 1
18 58 0
18 63 3
18 87 1
19 8 2
19 12 0
19 21 2
19 22 3
19 32 2
19 46 0
19 47 4
19 50 1
19 65 3
19 75 2
20 15 3
20 27 0
20 34 2
20 45 4
20 48 0
20 52 4
20 62 2
20 70 4
20 78 2
20 81 2
21 18 1
21 30 2
21 34 2
21 38 3
21 53 3
21 55 0
21 60 1
21 74 3
21 82 2
21 93 3
22 0 0
22 11 2
22 14 4
22 19 1
22 27 4
22 32 0
22 34 3
22 35 0
22 53 4
22 54 0
23 18 1
23 25 1
23 73 4
23 80 0
23 88 0
23 92 3
23 94 4
23 96 0
23 97 4
23 99 3
24 9 4
24 12 3
24 14 1
24 17 3
24 23 4
24 28 4
24 36 0
24 39 3
24 46 1
24 52 1
25 0 2
25 4 3
25 21 3
25 24 2
25 31 4
25 44 4
25 70 0
25 79 1
25 86 2
25 95 0
26 5 0
26 17 1
26 21 3
26 24 4
26 30 3
26 33 0
26 34 2
26 49 4
26 59 1
26 83 4
27 9 0
27 16 4
27 23 3
27 29 2
27 32 4
27 38 1
27 39 2
27 46 4
27 78 4
27 80 3
28 9 1
28 52 4
28 65 4
28 67 4
28 81 1
28 84 4
28 93 3
28 94 3
28 95 0
28 96 3
29 1 3
29 4 1
29 5 1
29 50 0
29 62 3
29 68 1
29 73 2
29 74 2
29 84 0
29 89 1
30 0 1
30 4 1
30 10 0
30 37 1
30 38 2
30 66 0
30 72 4
30 76 1
30 88 2
30 91 0
31 9 3
31 13 0
31 24 1
31 26 4
31 40 1
31 69 2
31 89 4
31 94 2
31 98 0
31 99 4
32 10 2
32 13 3
32 19 4
32 22 2
32 24 0
32 48 0
32 50 3
32 71 3
32 90 2
32 92 2
33 4 0
33 7 4
33 9 0
33 20 3
33 21 4
33 34 0
33 36 2
33 37 1
33 46 4
33 66 2
34 11 4
34 17 3
34 26 0
34 42 2
34 43 0
34 61 3
34 64 3
34 68 3
34 71 1
34 74 3
35 8 1
35 13 3
35 14 2
35 16 1
35 26 3
35 53 0
35 54 4
35 69 3
35 72 0
35 76 4
36 3 2
36 5 3
36 31 1
36 41 0
36 46 1
36 56 2
36 72 3
36 89 3
36 95 4
36 96 0
37 8 0
37 23 2
37 32 2
37 33 0
37 39 1
37 42 2
37 52 4
37 54 1
37 63 3
37 64 0
38 15 2
38 41 3
38 45 1
38 50 1
38 51 0
38 52 4
38 55 2
38 59 3
38 78 0
38 82 1
39 30 4
39 31 4
39 41 4
39 43 3
39 51 3
39 68 3
39 72 1
39 80 0
39 83 1
39 85 0
40 5 2
40 6 4
40 14 3
40 36 3
40 43 2
40 44 2
40 45 0
40 70 3
40 73 4
40 88 4
41 0 0
41 15 3
41 29 0
41 34 4
41 47 2
41 48 0
41 50 0
41 57 2
41 60 2
41 63 4
42 2 4
42 13 2
42 22 1
42 23 1
42 32 2
42 33 4
42 48 0
42 57 3
42 58 3
42 73 4
43 3 1
43 31 0
43 49 2
43 55 3
43 66 4
43 77 3
43 82 4
43 83 0
43 87 2
43 88 3
44 15 3
44 39 3
44 49 3
44 55 4
44 63 3
44 85 1
44 88 3
44 92 3
44 95 3
44 98 2
45 17 2
45 24 0
45 36 0
45 44 1
45 54 3
45 67 1
45 69 1
45 75 0
45 79 1
45 82 3
46 6 4
46 9 3
46 10 0
46 25 0
46 28 3
46 29 3
46 32 3
46 35 0
46 38 4
46 39 4
47 17 4
47 37 4
47 40 3
47 58 4
47 63 2
47 69 3
47 74 3
47 82 0
47 84 3
47 87 4
48 9 2
48 10 0
48 12 2
48 33 0
48 45 0
48 49 1
48 56 3
48 68 1
48 87 1
48 92 1
49 6 2
49 12 1
49 16 3
49 34 4
49 59 4
49 67 2
49 70 0
49 90 3
49 92 1
49 93 2
50 13 2
50 28 4
50 30 0
50 36 1
50 41 2
50 62 3
50 65 2
50 67 2
50 79 0
50 82 3
51 10 0
51 11 0
51 17 3
51 35 3
51 41 3
51 49 1
51 54 4
51 56 1
51 75 0
51 82 4
52 1 2
52 39 2
52 60 4
52 61 3
52 71 4
52 79 4
52 81 2
52 83 3
52 87 3
52 89 0
53 27 3
53 47 3
53 85 1
53 86 1
53 88 0
53 91 2
53 94 4
53 95 4
53 98 0
53 99 3
54 4 4
54 23 3
54 28 3
54 35 2
54 36 1
54 44 3
54 61 0
54 65 1
54 70 0
54 71 1
55 2 4
55 29 0
55 40 3
55 41 3
55 44 1
55 56 2
55 61 3
55 64 4
55 76 2
55 79 2
56 5 3
56 23 1
56 39 2
56 48 4
56 49 4
56 74 1
56 79 4
56 81 1
56 85 4
56 97 2
57 2 4
57 17 1
57 42 0
57 61 3
57 66 2
57 82 4
57 96 3
57 97 0
57 98 4
57 99 0
58 0 3
58 26 4
58 33 0
58 44 2
58 47 3
58 76 4
58 91 3
58 93 0
58 97 1
58 99 4
59 1 1
59 3 4
59 52 3
59 62 0
59 78 1
59 84 2
59 86 1
59 90 2
59 94 3
59 95 0
60 1 3
60 3 2
60 12 4
60 24 3
60 28 0
60 51 3
60 68 0
60 92 1
60 94 0
60 97 1
61 16 4
61 48 2
61 50 4
61 58 1
61 65 3
61 66 3
61 80 2
61 86 1
61 90 0
61 92 3
62 13 3
62 20 3
62 31 3
62 33 3
62 51 3
62 60 1
62 61 2
62 62 3
62 68 4
62 91 2
63 2 4
63 7 1
63 12 0
63 26 3
63 37 2
63 57 3
63 59 1
63 76 0
63 80 0
63 81 0
64 2 0
64 4 4
64 40 3
64 56 4
64 70 3
64 81 2
64 91 4
64 95 0
64 98 2
64 99 0
65 10 4
65 11 3
65 18 1
65 21 2
65 40 1
65 46 1
65 55 1
65 59 1
65 60 1
65 61 3
66 6 3
66 7 0
66 11 4
66 16 2
66 19 1
66 34 2
66 69 2
66 71 1
66 72 3
66 85 1
67 15 0
67 29 3
67 42 1
67 71 0
67 72 2
67 75 0
67 93 2
67 97 4
67 98 2
67 99 3
68 15 3
68 18 4
68 34 1
68 38 2
68 48 2
68 59 0
68 66 0
68 73 2
68 74 2
68 78 3
69 2 3
69 3 3
69 4 1
69 6 0
69 7 2
69 18 1
69 25 1
69 44 0
69 49 4
69 56 2
70 7 0
70 11 0
70 18 0
70 25 2
70 27 0
70 35 4
70 46 2
70 53 2
70 63 0
70 65 0
71 20 3
71 28 2
71 32 2
71 45 3
71 47 2
71 49 4
71 51 0
71 52 2
71 57 4
71 61 1
72 4 2
72 16 1
72 22 2
72 36 4
72 47 0
72 64 0
72 67 3
72 76 4
72 90 0
72 96 3
73 2 0
73 6 3
73 18 0
73 26 0
73 48 0
73 57 3
73 69 4
73 73 3
73 77 0
73 87 2
74 6 1
74 12 2
74 16 0
74 19 2
74 20 0
74 22 3
74 54 1
74 55 3
74 66 4
74 86 0
75 5 1
75 16 3
75 30 4
75 33 0
75 42 1
75 55 0
75 64 0
75 69 4
75 72 2
75 74 0
76 7 3
76 19 4
76 35 4
76 41 4
76 43 4
76 47 3
76 56 2
76 61 0
76 67 0
76 69 0
77 7 3
77 9 0
77 27 0
77 28 2
77 29 0
77 35 1
77 51 3
77 63 2
77 66 4
77 72 1
78 11 2
78 39 4
78 41 1
78 46 2
78 54 3
78 58 1
78 87 2
78 89 3
78 90 1
78 92 4
79 1 2
79 27 3
79 29 0
79 53 2
79 60 2
79 65 0
79 67 2
79 78 4
79 86 3
79 88 3
80 0 1
80 4 1
80 12 2
80 15 2
80 28 1
80 43 2
80 58 3
80 59 1
80 73 1
80 78 2
81 14 3
81 24 1
81 26 3
81 40 2
81 41 1
81 45 2
81 49 2
81 53 3
81 58 1
81 70 3
82 14 4
82 18 4
82 22 0
82 25 3
82 43 2
82 46 1
82 55 0
82 77 0
82 80 4
82 92 4
83 20 1
83 36 4
83 38 2
83 53 4
83 62 0
83 64 2
83 88 0
83 92 0
83 96 0
83 98 1
84 5 4
84 7 2
84 27 1
84 52 0
84 53 2
84 58 2
84 59 3
84 64 4
84 70 2
84 77 1
85 0 4
85 10 3
85 17 0
85 37 4
85 43 3
85 64 2
85 70 1
85 71 1
85 83 0
85 97 3
86 6 1
86 31 1
86 43 0
86 58 0
86 63 4
86 64 1
86 68 0
86 84 4
86 90 1
86 96 3
87 1 3
87 12 0
87 19 4
87 27 3
87 33 4
87 36 1
87 59 2
87 68 2
87 74 4
87 77 1
88 8 4
88 25 2
88 37 3
88 67 3
88 72 3
88 83 0
88 94 4
88 97 0
88 98 1
88 99 0
89 8 3
89 20 2
89 22 0
89 30 3
89 44 1
89 50 2
89 52 3
89 75 4
89 77 0
89 80 2
90 14 0
90 19 2
90 22 2
90 25 3
90 28 4
90 35 3
90 42 3
90 50 1
90 60 1
90 62 2
91 10 4
91 26 0
91 38 2
91 43 3
91 48 1
91 57 0
91 77 2
91 86 0
91 93 1
91 99 1
92 3 4
92 16 4
92 17 3
92 18 1
92 38 0
92 40 4
92 45 2
92 54 3
92 60 0
92 61 2
93 24 4
93 25 1
93 26 1
93 50 4
93 52 1
93 62 2
93 65 0
93 79 1
93 87 4
93 89 3
94 5 3
94 21 1
94 29 3
94 53 3
94 54 1
94 60 2
94 80 4
94 88 3
94 91 2
94 93 2
95 0 1
95 15 2
95 21 2
95 24 3
95 32 0
95 51 1
95 60 0
95 67 0
95 77 3
95 86 1
96 19 4
96 22 4
96 44 3
96 79 3
96 91 4
96 93 4
96 96 3
96 97 2
96 98 4
96 99 2
97 2 4
97 10 0
97 20 2
97 21 4
97 37 4
97 56 4
97 71 3
97 73 2
97 87 3
97 94 2
98 4 2
98 8 3
98 13 4
98 14 0
98 32 0
98 57 2
98 66 1
98 86 2
98 87 3
98 89 1
99 8 1
99 30 4
99 35 3
99 42 1
99 47 0
99 58 1
99 63 2
99 81 2
99 84 3
99 88 4
