100
100
3000 3000 3000 3000 3000 3000 3000 3000 3000 3000 3000 3000 3000 3000 3000 3000 3000 3000 3000 3000 3000 3000 3000 3000 3000 3000 3000 3000 3000 3000 3000 3000 3000 3000 3000 3000 3000 3000 3000 3000 3000 3000 3000 3000 3000 3000 3000 3000 3000 3000 3000 3000 3000 3000 3000 3000 3000 3000 3000 3000 3000 3000 3000 3000 3000 3000 3000 3000 3000 3000 3000 3000 3000 3000 3000 3000 3000 3000 3000 3000 3000 3000 3000 3000 3000 3000 3000 3000 3000 3000 3000 3000 3000 3000 3000 3000 3000 3000 3000 3000
0 25 4
0 45 2
0 54 3
0 65 4
0 74 1
0 75 1
0 84 0
0 85 0
0 92 0
0 98 1
1 0 3
1 2 4
1 28 0
1 54 4
1 59 4
1 66 3
1 73 4
1 74 1
1 80 4
1 85 3
2 10 3
2 20 4
2 32 1
2 61 3
2 70 1
2 71 1
2 77 2
2 83 3
2 86 1
2 93 1
3 23 4
3 35 3
3 39 1
3 43 1
3 61 4
3 67 2
3 75 0
3 83 2
3 85 0
3 99 3
4 16 1
4 17 4
4 21 3
4 33 1
4 47 2
4 50 0
4 70 4
4 78 3
4 92 0
4 95 0
5 3 0
5 13 3
5 22 4
5 23 1
5 24 1
5 38 1
5 48 4
5 51 2
5 71 2
5 92 0
6 13 3
6 14 3
6 23 0
6 34 3
6 52 2
6 55 2
6 56 3
6 63 1
6 87 0
6 91 1
7 15 1
7 38 2
7 48 1
7 61 0
7 65 2
7 72 0
7 77 1
7 85 1
7 95 1
7 96 3
8 24 0
8 26 2
8 33 3
8 41 3
8 49 4
8 62 4
8 73 4
8 82 1
8 88 2
8 92 4
9 25 0
9 33 3
9 34 4
9 36 3
9 58 2
9 70 2
9 79 2
9 86 2
9 90 4
9 94 3
10 7 1
10 11 0
10 19 2
10 21 1
10 48 0
10 51 3
10 56 0
10 69 2
10 80 0
10 94 2
11 5 0
11 8 3
11 20 1
11 31 1
11 35 2
11 41 3
11 43 2
11 53 1
11 83 2
11 87 0
12 3 1
12 8 3
12 11 1
12 22 3
12 28 1
12 36 3
12 52 3
12 79 0
12 90 1
12 94 2
13 16 0
13 40 3
13 44 3
13 47 2
13 64 2
13 73 3
13 78 2
13 89 0
13 91 3
13 96 2
14 4 4
14 5 4
14 12 2
14 28 4
14 29 1
14 31 0
14 33 3
14 55 4
14 70 4
14 89 2
15 4 0
15 13 3
15 14 1
15 20 0
15 39 4
15 45 3
15 52 3
15 71 1
15 76 3
15 77 0
16 1 3
16 30 2
16 48 4
16 52 1
16 71 4
16 77 0
16 82 3
16 87 4
16 91 3
16 97 4
17 2 3
17 7 3
17 13 2
17 34 4
17 44 3
17 54 2
17 71 3
17 85 2
17 88 0
17 94 1
18 0 1
18 10 3
18 20 2
18 29 4
18 30 1
18 61 0
18 71 1
18 72 0
18 91 4
18 96 4
19 8 1
19 9 4
19 28 0
19 31 4
19 56 0
19 62 3
19 63 4
19 74 1
19 88 2
19 95 1
20 2 0
20 6 3
20 10 4
20 12 2
20 13 3
20 17 1
20 38 3
20 54 1
20 61 1
20 79 3
21 8 4
21 9 0
21 14 3
21 16 3
21 33 3
21 49 4
21 58 3
21 84 1
21 96 1
21 99 3
22 11 1
22 12 0
22 23 4
22 44 0
22 50 4
22 56 2
22 64 0
22 67 4
22 69 1
22 86 2
23 46 2
23 67 4
23 70 3
23 71 3
23 77 1
23 79 4
23 83 0
23 88 2
23 96 1
23 97 0
24 5 1
24 9 3
24 19 0
24 20 2
24 34 3
24 43 4
24 56 2
24 82 4
24 84 1
24 89 4
25 8 1
25 32 1
25 37 2
25 38 0
25 47 3
25 66 4
25 68 0
25 71 2
25 98 2
25 99 4
26 25 4
26 31 1
26 43 3
26 48 4
26 51 4
26 53 3
26 59 1
26 64 1
26 86 1
26 94 2
27 3 4
27 10 3
27 17 3
27 21 0
27 25 3
27 30 4
27 33 0
27 37 2
27 41 4
27 67 2
28 19 2
28 20 2
28 38 0
28 41 2
28 50 2
28 61 1
28 69 2
28 72 1
28 76 4
28 99 2
29 11 0
29 19 4
29 25 2
29 29 3
29 55 1
29 61 0
29 62 1
29 74 1
29 89 2
29 91 1
30 7 4
30 14 0
30 30 3
30 34 2
30 35 4
30 36 0
30 39 1
30 50 0
30 71 4
30 90 3
31 1 4
31 5 0
31 32 3
31 42 2
31 50 4
31 78 0
31 81 4
31 82 1
31 87 0
31 92 4
32 13 1
32 32 0
32 36 0
32 41 3
32 50 1
32 54 1
32 66 2
32 73 0
32 79 1
32 86 3
33 7 0
33 13 4
33 17 2
33 26 2
33 33 0
33 49 2
33 68 2
33 72 2
33 77 4
33 88 2
34 12 0
34 26 3
34 48 2
34 53 1
34 57 3
34 58 2
34 62 3
34 88 3
34 90 3
34 98 2
35 11 2
35 32 1
35 39 2
35 49 1
35 59 3
35 61 0
35 74 2
35 75 0
35 87 1
35 92 2
36 8 2
36 9 0
36 24 1
36 25 3
36 26 0
36 34 3
36 58 0
36 59 1
36 76 0
36 81 2
37 24 3
37 31 1
37 48 3
37 56 0
37 69 2
37 73 4
37 78 4
37 94 1
37 96 0
37 97 1
38 1 2
38 4 4
38 19 4
38 20 1
38 22 2
38 42 2
38 53 0
38 64 3
38 73 4
38 84 1
39 15 0
39 20 4
39 43 3
39 48 0
39 53 1
39 65 0
39 69 1
39 72 4
39 88 0
39 93 4
40 7 0
40 8 3
40 23 0
40 29 4
40 30 0
40 47 1
40 62 3
40 81 1
40 87 4
40 98 2
41 4 1
41 12 1
41 19 2
41 31 4
41 43 1
41 53 1
41 55 3
41 61 3
41 90 0
41 98 2
42 26 4
42 30 0
42 44 4
42 56 0
42 66 4
42 78 0
42 82 2
42 90 3
42 95 2
42 98 1
43 21 0
43 28 1
43 38 1
43 45 1
43 56 4
43 58 0
43 61 0
43 72 1
43 83 3
43 93 4
44 13 0
44 15 1
44 22 3
44 28 2
44 35 4
44 37 1
44 54 2
44 70 0
44 72 0
44 84 2
45 11 4
45 20 2
45 21 3
45 31 4
45 36 4
45 47 0
45 56 3
45 66 1
45 81 3
45 97 3
46 2 4
46 6 1
46 13 0
46 34 3
46 35 3
46 37 3
46 41 0
46 49 2
46 65 1
46 77 0
47 1 4
47 13 1
47 14 1
47 15 0
47 26 4
47 42 4
47 45 1
47 46 3
47 55 3
47 92 4
48 2 3
48 3 1
48 21 1
48 33 4
48 34 3
48 52 2
48 55 2
48 61 3
48 72 3
48 99 1
49 30 0
49 47 0
49 49 3
49 60 3
49 65 1
49 66 4
49 70 4
49 75 3
49 77 3
49 95 2
50 7 4
50 9 2
50 11 0
50 12 3
50 15 3
50 19 2
50 37 1
50 75 3
50 90 3
50 92 3
51 1 1
51 4 0
51 7 4
51 12 4
51 19 4
51 24 4
51 41 4
51 46 2
51 78 3
51 84 3
52 0 3
52 3 2
52 34 4
52 45 4
52 46 2
52 57 4
52 78 4
52 92 2
52 96 1
52 97 1
53 8 4
53 10 2
53 34 0
53 36 4
53 38 2
53 44 3
53 46 0
53 48 4
53 59 3
53 66 3
54 0 3
54 14 4
54 16 3
54 24 4
54 25 1
54 39 2
54 53 2
54 64 3
54 77 2
54 92 2
55 5 2
55 16 2
55 26 3
55 32 4
55 33 3
55 34 0
55 36 1
55 74 4
55 87 1
55 92 2
56 11 1
56 16 4
56 31 0
56 38 0
56 59 2
56 67 0
56 69 2
56 75 0
56 79 1
56 91 1
57 3 0
57 38 0
57 41 0
57 45 1
57 53 4
57 59 3
57 60 2
57 77 3
57 85 1
57 98 2
58 2 3
58 3 1
58 14 1
58 17 2
58 26 3
58 44 4
58 46 1
58 85 0
58 93 4
58 96 2
59 4 1
59 5 2
59 13 3
59 29 2
59 30 1
59 53 2
59 62 2
59 64 3
59 80 1
59 99 3
60 3 1
60 15 1
60 19 1
60 22 4
60 58 4
60 61 2
60 64 2
60 68 1
60 83 2
60 88 2
61 8 1
61 21 1
61 41 1
61 61 2
61 65 4
61 78 1
61 81 4
61 83 0
61 90 2
61 96 1
62 14 2
62 29 4
62 55 3
62 56 4
62 60 2
62 70 0
62 76 0
62 82 4
62 91 3
62 96 2
63 3 4
63 27 2
63 47 1
63 61 1
63 63 4
63 70 1
63 79 4
63 83 1
63 88 0
63 92 3
64 12 4
64 22 3
64 56 0
64 59 0
64 75 1
64 79 3
64 82 1
64 91 2
64 94 0
64 96 3
65 10 4
65 12 3
65 20 0
65 28 2
65 34 2
65 50 4
65 53 1
65 64 0
65 72 4
65 88 0
66 5 0
66 6 4
66 30 1
66 43 2
66 52 3
66 57 3
66 58 1
66 77 3
66 82 0
66 84 1
67 11 4
67 20 2
67 27 2
67 32 0
67 61 1
67 63 3
67 81 0
67 92 0
67 95 3
67 98 0
68 0 4
68 2 0
68 6 4
68 12 3
68 27 0
68 48 3
68 61 0
68 65 3
68 81 4
68 85 2
69 3 2
69 8 1
69 29 0
69 50 2
69 56 0
69 72 1
69 75 4
69 83 0
69 86 2
69 99 3
70 8 0
70 19 0
70 22 2
70 44 3
70 48 3
70 50 2
70 66 0
70 67 0
70 90 0
70 93 2
71 2 3
71 4 3
71 26 3
71 44 1
71 68 4
71 72 0
71 76 2
71 79 1
71 80 0
71 96 4
72 0 3
72 1 0
72 2 0
72 21 4
72 50 3
72 60 1
72 71 2
72 77 3
72 92 2
72 98 3
73 1 1
73 8 4
73 18 1
73 35 0
73 41 2
73 61 4
73 64 0
73 65 1
73 97 3
73 98 3
74 0 3
74 3 0
74 5 2
74 12 2
74 15 2
74 20 1
74 21 1
74 35 3
74 40 2
74 80 2
75 10 0
75 14 3
75 39 3
75 40 3
75 41 1
75 45 4
75 53 2
75 57 1
75 58 0
75 63 0
76 11 3
76 16 3
76 21 2
76 46 0
76 49 4
76 55 0
76 77 1
76 82 3
76 91 3
76 97 0
77 2 1
77 3 4
77 13 4
77 30 0
77 48 1
77 53 3
77 56 3
77 64 4
77 77 1
77 85 2
78 3 2
78 12 0
78 16 3
78 48 3
78 52 1
78 58 1
78 61 2
78 80 1
78 96 1
78 98 3
79 0 4
79 24 1
79 25 1
79 45 1
79 48 0
79 63 4
79 66 4
79 76 0
79 81 4
79 82 3
80 15 0
80 27 4
80 36 2
80 38 1
80 50 4
80 59 3
80 64 0
80 83 0
80 87 2
80 97 4
81 41 1
81 44 0
81 49 3
81 51 1
81 52 1
81 57 2
81 68 1
81 75 0
81 87 1
81 88 2
82 11 1
82 20 2
82 28 0
82 33 4
82 41 1
82 55 0
82 69 1
82 84 1
82 85 0
82 96 4
83 23 2
83 24 0
83 27 0
83 39 2
83 52 4
83 59 4
83 61 3
83 72 3
83 75 4
83 89 0
84 15 2
84 26 1
84 29 0
84 45 3
84 47 2
84 50 4
84 53 0
84 60 1
84 74 1
84 88 1
85 13 4
85 18 2
85 31 0
85 34 4
85 39 3
85 55 0
85 56 1
85 80 0
85 95 3
85 99 0
86 3 3
86 6 1
86 7 1
86 43 3
86 44 1
86 45 2
86 51 2
86 61 1
86 73 3
86 96 0
87 25 0
87 29 2
87 30 3
87 34 3
87 45 0
87 65 1
87 78 1
87 84 4
87 93 3
87 95 3
88 7 4
88 18 4
88 21 2
88 40 2
88 45 0
88 57 0
88 64 3
88 89 2
88 95 3
88 97 4
89 3 3
89 25 3
89 27 0
89 45 4
89 54 2
89 62 1
89 80 1
89 89 4
89 91 3
89 96 2
90 4 2
90 11 3
90 23 3
90 28 2
90 37 2
90 40 4
90 42 1
90 52 1
90 74 1
90 89 1
91 2 4
91 15 3
91 18 2
91 19 1
91 23 1
91 75 2
91 79 3
91 80 3
91 81 0
91 92 4
92 16 0
92 21 3
92 24 4
92 26 2
92 48 4
92 51 0
92 82 2
92 85 2
92 97 1
92 98 1
93 37 4
93 43 4
93 47 4
93 62 2
93 64 2
93 65 0
93 77 1
93 79 2
93 84 0
93 85 1
94 3 0
94 24 4
94 50 2
94 51 3
94 70 2
94 74 2
94 77 3
94 78 1
94 83 2
94 93 2
95 0 4
95 10 3
95 15 3
95 41 4
95 48 0
95 59 0
95 62 3
95 71 1
95 77 4
95 93 4
96 18 2
96 25 0
96 35 3
96 39 0
96 42 3
96 49 0
96 59 0
96 63 0
96 75 3
96 92 1
97 8 1
97 11 2
97 31 0
97 34 1
97 54 4
97 63 4
97 66 0
97 74 0
97 81 4
97 84 4
98 3 4
98 5 4
98 11 2
98 18 0
98 35 3
98 54 2
98 65 1
98 75 2
98 79 4
98 90 4
99 0 3
99 4 2
99 14 2
99 23 1
99 35 3
99 45 0
99 65 2
99 75 2
99 83 4
99 84 4
