100
100
3000 3000 3000 3000 3000 3000 3000 3000 3000 3000 3000 3000 3000 3000 3000 3000 3000 3000 3000 3000 3000 3000 3000 3000 3000 3000 3000 3000 3000 3000 3000 3000 3000 3000 3000 3000 3000 3000 3000 3000 3000 3000 3000 3000 3000 3000 3000 3000 3000 3000 3000 3000 3000 3000 3000 3000 3000 3000 3000 3000 3000 3000 3000 3000 3000 3000 3000 3000 3000 3000 3000 3000 3000 3000 3000 3000 3000 3000 3000 3000 3000 3000 3000 3000 3000 3000 3000 3000 3000 3000 3000 3000 3000 3000 3000 3000 3000 3000 3000 3000
0 16 3
0 17 3
0 25 0
0 32 0
0 35 3
0 37 2
0 39 0
0 43 3
0 53 4
0 64 0
0 66 4
0 74 4
0 77 2
1 3 2
1 26 0
1 33 3
1 34 1
1 36 3
1 40 4
1 44 1
1 77 2
1 89 1
1 99 2
2 37 2
2 59 2
2 63 1
2 69 3
2 70 2
2 73 3
2 84 0
2 98 3
3 2 3
3 12 0
3 28 3
3 47 1
3 58 4
3 73 3
3 78 1
3 95 1
4 6 1
4 10 0
4 17 3
4 19 1
4 20 1
4 22 3
4 24 3
4 27 0
4 40 1
4 45 0
4 55 2
4 65 3
4 71 3
4 82 1
4 87 3
4 90 1
4 93 3
4 94 2
5 11 3
5 16 4
5 20 2
5 28 4
5 30 1
5 34 4
5 38 1
5 43 3
5 59 2
5 71 0
5 94 2
5 96 4
6 12 3
6 32 2
6 44 0
6 55 4
6 62 0
6 63 1
6 67 0
6 71 4
6 79 1
6 88 4
7 22 2
7 24 2
7 29 0
7 54 0
7 65 4
7 71 3
7 72 1
7 74 3
7 78 3
7 79 3
8 14 2
8 17 1
8 24 3
8 33 3
8 48 1
8 49 1
8 50 4
8 55 0
8 92 0
8 94 1
8 96 3
8 98 4
9 3 1
9 7 4
9 21 0
9 28 1
9 36 2
9 41 2
9 58 1
9 63 3
9 67 0
9 71 2
9 72 2
9 83 3
9 84 3
10 1 2
10 8 2
10 16 2
10 27 4
10 29 0
10 38 0
10 40 1
10 43 4
10 46 2
10 66 3
10 68 3
10 78 3
10 83 4
10 84 0
10 88 4
10 93 1
11 1 2
11 9 2
11 15 3
11 47 0
11 56 0
11 61 1
11 90 0
12 6 1
12 26 3
12 46 3
12 52 4
12 56 3
12 58 1
12 65 4
12 95 3
12 96 1
12 98 2
12 99 3
13 34 2
13 52 3
13 59 1
13 68 3
13 81 2
13 90 3
13 98 0
14 1 2
14 26 3
14 34 3
14 39 2
14 53 2
14 56 4
14 64 2
14 66 1
14 73 4
14 74 0
14 93 1
15 4 4
15 11 3
15 31 2
15 51 0
15 52 0
15 75 0
15 79 3
16 4 3
16 35 1
16 38 3
17 0 4
17 20 1
17 21 3
17 30 0
17 34 0
17 40 0
17 43 0
17 49 2
17 52 1
17 69 4
17 79 3
17 83 3
17 97 4
18 13 2
18 22 3
18 25 0
18 26 4
18 38 1
18 44 2
18 54 1
18 86 1
18 92 0
18 96 2
19 4 1
19 25 3
19 29 2
19 32 1
19 45 4
19 60 0
19 81 0
20 10 1
20 43 0
20 53 1
20 69 0
20 78 4
20 80 2
20 83 3
20 87 4
21 1 3
21 8 2
21 12 1
21 13 4
21 14 4
21 15 2
21 23 1
21 31 1
21 57 1
21 72 0
21 76 4
21 80 2
21 85 4
21 88 0
22 0 1
22 3 3
22 6 1
22 11 0
22 30 4
22 36 2
22 37 4
22 41 0
22 47 2
22 48 3
22 63 0
22 66 1
22 78 4
22 88 2
23 16 2
23 20 1
23 23 3
23 42 2
23 53 2
23 63 0
23 68 0
23 82 3
23 94 3
24 0 0
24 1 4
24 5 3
24 6 4
24 12 1
24 13 3
24 29 2
24 30 3
24 64 2
24 79 2
24 84 4
24 96 1
25 7 3
25 17 4
25 18 0
25 19 3
25 23 4
25 44 3
25 50 4
25 75 2
25 83 0
25 85 2
25 87 1
26 2 4
26 14 4
26 21 4
26 28 3
26 48 3
26 51 2
26 57 3
26 64 4
26 72 2
26 74 4
26 75 3
26 77 1
26 81 2
26 93 4
26 97 3
27 4 2
27 8 4
27 29 4
27 37 3
27 55 2
27 76 1
27 80 2
27 82 1
27 91 4
28 5 2
28 10 1
28 18 0
28 24 2
28 55 2
28 66 4
28 91 3
28 99 0
29 2 4
29 4 1
29 5 1
29 6 0
29 10 3
29 16 1
29 30 2
29 97 2
30 0 2
30 4 2
30 5 1
30 12 3
30 21 3
30 49 4
30 57 4
30 71 1
31 1 0
31 11 4
31 23 0
31 28 4
31 44 3
31 50 4
31 62 0
32 4 2
32 14 0
32 27 4
32 54 4
32 74 1
32 84 3
32 99 0
33 11 0
33 22 3
33 25 0
33 35 4
33 36 2
33 51 1
33 69 2
33 74 2
33 76 1
33 77 4
33 86 0
34 7 1
34 12 1
34 27 3
34 47 3
34 56 0
34 69 1
34 70 4
34 83 1
34 90 4
34 91 1
34 93 1
34 94 4
35 4 3
35 9 1
35 17 3
35 46 2
35 51 0
35 58 0
35 71 2
35 78 3
35 83 2
35 86 1
35 95 1
35 96 0
35 97 3
36 8 4
36 13 1
36 17 3
36 26 2
36 31 3
36 38 2
36 41 1
36 52 0
36 64 3
36 72 1
36 86 1
36 88 4
36 93 3
37 3 2
37 5 1
37 12 1
37 29 3
37 31 4
37 32 4
37 39 1
37 61 4
37 62 2
37 73 1
37 82 2
37 83 0
37 97 0
38 0 0
38 30 2
38 34 0
38 68 2
38 69 2
38 71 4
39 0 1
39 6 0
39 19 3
39 23 1
39 54 1
39 58 4
39 73 2
40 27 3
40 42 3
40 43 2
40 57 0
40 60 1
40 61 1
40 72 2
40 80 2
40 85 0
40 92 0
41 0 0
41 2 0
41 14 1
41 19 1
41 31 1
41 37 2
41 48 2
41 88 2
42 5 4
42 6 2
42 16 1
42 22 4
42 53 3
42 57 1
42 60 4
42 63 1
42 64 3
42 89 1
42 95 4
43 12 1
43 19 3
43 27 2
43 59 3
43 84 2
43 91 2
44 16 1
44 18 0
44 35 1
44 36 1
44 41 4
44 60 0
44 65 2
44 92 2
45 8 0
45 29 3
45 50 2
45 60 1
45 63 3
45 69 1
45 87 4
45 95 2
46 9 4
46 15 0
46 23 2
46 25 1
46 42 3
46 51 3
46 85 3
46 87 3
47 15 1
47 20 1
47 21 2
47 24 2
47 41 2
47 49 4
47 64 1
47 66 1
47 67 1
47 73 3
47 81 3
47 84 0
47 85 4
47 86 3
47 95 1
47 96 4
48 17 4
48 25 0
48 61 0
48 66 2
48 68 4
48 70 2
48 75 0
48 78 4
49 2 4
49 8 4
49 19 0
49 40 1
49 80 2
49 89 3
49 94 2
50 13 4
50 21 0
50 28 1
50 62 1
50 79 1
50 98 1
51 10 0
51 13 1
51 15 3
51 50 0
51 55 0
51 60 0
51 67 4
51 81 1
51 88 1
51 97 4
52 14 2
52 36 2
52 46 0
52 48 3
52 54 3
52 65 2
52 73 1
52 86 2
52 87 3
53 10 0
53 16 4
53 18 3
53 21 1
53 22 1
53 42 4
53 55 4
53 57 2
53 76 3
53 95 2
54 21 4
54 23 3
54 24 4
54 32 4
54 34 0
54 48 0
54 52 3
54 70 0
54 76 0
54 78 0
54 85 3
54 91 0
54 92 0
54 97 3
55 9 2
55 25 1
55 26 2
55 33 4
55 41 3
55 56 1
55 59 0
55 74 0
55 75 4
55 80 1
55 90 0
56 1 3
56 3 2
56 8 3
56 10 0
56 31 0
56 46 2
56 47 4
56 68 3
56 91 3
56 96 4
57 11 0
57 22 2
57 29 1
57 30 2
57 40 1
57 41 2
57 42 1
57 53 0
57 75 3
57 76 4
57 89 3
58 7 2
58 24 3
58 45 1
58 50 4
58 51 0
58 55 4
58 85 3
58 92 3
58 98 1
59 22 0
59 28 4
59 35 2
59 70 0
59 72 4
59 79 0
59 92 4
60 2 1
60 4 2
60 23 2
60 32 0
60 38 3
60 43 1
60 45 4
60 60 1
60 73 4
60 74 3
60 75 4
61 6 2
61 12 3
61 13 2
61 25 0
61 26 2
61 32 4
61 36 0
61 39 0
61 45 4
61 48 2
61 56 1
61 58 4
61 59 3
61 60 3
61 69 3
61 71 1
61 78 3
61 89 1
61 91 3
61 92 1
61 94 0
61 97 4
62 36 2
62 44 1
62 79 3
62 83 0
62 90 2
63 6 3
63 16 3
63 40 2
63 43 3
63 52 2
63 66 0
63 87 0
63 91 3
63 98 3
64 11 2
64 41 2
64 44 1
64 63 4
64 67 1
64 78 2
64 80 3
64 98 1
65 7 2
65 9 3
65 27 2
65 30 2
65 33 1
65 37 3
65 38 1
65 50 0
65 63 2
65 67 2
65 91 2
66 9 4
66 19 1
66 38 1
66 46 0
66 93 3
66 99 4
67 15 4
67 33 3
67 41 0
67 46 3
67 49 2
67 60 2
67 62 2
67 67 4
67 68 2
67 71 0
67 96 2
68 9 0
68 25 0
68 44 4
68 57 1
68 58 4
68 61 3
68 62 0
68 86 3
68 95 0
69 5 0
69 16 1
69 65 1
69 77 0
69 81 4
69 87 2
69 89 3
69 94 4
70 2 3
70 33 4
70 43 3
70 45 1
70 56 2
70 57 2
70 84 2
70 93 4
71 5 3
71 13 3
71 23 3
71 32 0
71 39 1
71 45 2
71 52 3
71 54 1
71 57 4
71 70 3
71 87 2
71 93 2
71 96 4
72 0 3
72 3 2
72 7 1
72 24 0
72 35 0
72 38 2
72 39 0
72 47 2
72 74 1
72 88 1
72 90 1
73 0 3
73 12 4
73 20 4
73 25 0
73 37 2
73 39 3
73 44 2
73 54 2
73 61 0
73 70 3
73 81 3
73 90 2
73 92 4
74 1 1
74 3 0
74 7 2
74 26 2
74 33 3
74 34 4
74 35 2
74 39 3
74 49 2
74 50 3
74 64 3
74 66 4
74 68 3
74 80 1
74 95 1
74 98 3
75 1 2
75 10 2
75 20 4
75 34 3
75 41 4
75 44 3
75 46 0
75 49 4
75 50 3
75 56 1
75 59 2
75 64 1
75 72 4
75 82 3
76 31 2
76 61 3
76 82 3
77 7 2
77 17 4
77 24 2
77 32 4
77 34 3
77 36 3
77 52 4
77 77 4
77 84 2
77 89 0
77 90 0
77 99 0
78 9 0
78 14 0
78 27 1
78 33 1
78 50 3
78 54 1
78 56 0
78 62 2
78 70 3
79 40 4
79 47 3
79 51 0
79 73 1
79 81 4
80 8 4
80 22 2
80 23 4
80 31 1
80 37 1
80 42 1
80 53 4
80 58 2
80 61 4
80 89 4
80 92 1
80 94 3
80 99 4
81 11 0
81 13 2
81 15 0
81 27 3
81 35 4
81 42 1
81 45 4
81 47 3
81 53 3
81 59 3
81 65 1
81 69 2
81 82 2
81 97 4
82 2 4
82 10 2
82 11 4
82 14 4
82 45 2
82 69 1
82 75 4
83 9 1
83 18 2
83 19 2
83 20 1
83 37 0
83 39 2
83 51 3
83 53 0
83 55 0
83 59 3
83 81 1
83 86 0
83 99 2
84 7 4
84 14 0
84 22 2
84 51 4
84 85 4
84 86 4
84 89 0
85 18 2
85 46 4
85 59 3
85 65 0
85 88 1
86 6 1
86 8 2
86 21 3
86 53 2
86 70 3
86 75 1
86 80 0
86 98 0
87 10 4
87 15 3
87 17 2
87 19 4
87 24 3
87 36 0
87 40 2
87 55 1
87 73 2
87 80 3
88 26 3
88 28 4
88 43 4
88 47 4
88 49 2
88 54 3
88 58 0
88 62 4
88 76 3
88 77 2
88 79 3
88 81 2
88 85 3
88 87 0
88 90 4
88 94 2
88 95 4
89 15 4
89 27 0
89 40 3
89 42 4
89 54 4
89 61 4
89 66 3
89 77 1
89 83 3
90 29 4
90 37 1
90 52 0
90 57 1
90 65 0
90 82 4
90 86 1
90 99 0
91 5 2
91 18 0
91 35 0
91 48 1
91 62 0
91 67 4
91 93 4
91 99 3
92 3 2
92 15 2
92 35 1
92 48 0
92 51 3
92 65 0
92 67 4
92 72 3
92 76 3
92 79 4
93 2 2
93 3 1
93 4 1
93 18 4
93 28 0
93 45 1
93 48 0
93 68 1
93 76 0
93 77 1
93 85 3
93 97 4
94 14 1
94 31 1
94 61 3
94 63 3
94 89 1
94 91 4
95 0 1
95 18 4
95 20 2
95 21 1
95 31 2
95 33 3
95 39 0
95 42 2
95 56 0
95 58 2
95 60 2
95 64 3
95 67 0
95 70 0
95 82 4
95 84 2
96 3 1
96 11 2
96 13 1
96 19 0
96 38 2
96 49 3
97 1 2
97 18 3
97 33 3
97 46 2
97 72 0
97 75 1
97 76 1
98 2 3
98 30 2
98 68 3
98 74 2
98 77 3
98 82 2
99 5 4
99 7 0
99 8 4
99 9 4
99 17 3
99 20 3
99 26 4
99 28 4
99 29 4
99 30 4
99 32 2
99 42 1
99 47 4
99 49 0
99 62 1
99 88 3
