100
100
3000 3000 3000 3000 3000 3000 3000 3000 3000 3000 3000 3000 3000 3000 3000 3000 3000 3000 3000 3000 3000 3000 3000 3000 3000 3000 3000 3000 3000 3000 3000 3000 3000 3000 3000 3000 3000 3000 3000 3000 3000 3000 3000 3000 3000 3000 3000 3000 3000 3000 3000 3000 3000 3000 3000 3000 3000 3000 3000 3000 3000 3000 3000 3000 3000 3000 3000 3000 3000 3000 3000 3000 3000 3000 3000 3000 3000 3000 3000 3000 3000 3000 3000 3000 3000 3000 3000 3000 3000 3000 3000 3000 3000 3000 3000 3000 3000 3000 3000 3000
0 10 0
0 24 2
0 25 2
0 50 0
0 55 4
0 68 3
0 70 3
0 80 3
0 83 0
0 94 3
1 18 0
1 28 1
1 39 3
1 48 3
1 56 1
1 69 3
1 73 2
1 77 0
1 81 3
1 93 3
2 6 2
2 7 0
2 9 3
2 11 1
2 17 0
2 18 0
2 21 0
2 36 3
2 56 2
2 67 3
3 3 0
3 6 0
3 23 2
3 35 2
3 37 2
3 51 2
3 52 3
3 53 1
3 55 1
3 99 0
4 11 2
4 31 2
4 32 3
4 33 0
4 40 2
4 47 4
4 49 1
4 59 2
4 60 3
4 86 0
5 1 4
5 17 4
5 26 4
5 36 2
5 37 4
5 55 0
5 56 1
5 73 3
5 80 4
5 86 0
6 11 3
6 16 4
6 29 3
6 41 0
6 43 0
6 44 0
6 65 3
6 66 1
6 71 3
6 76 4
7 1 4
7 14 3
7 26 1
7 28 1
7 35 3
7 64 2
7 65 2
7 67 2
7 77 0
7 91 4
8 9 0
8 14 0
8 15 2
8 21 1
8 23 4
8 30 3
8 38 2
8 88 3
8 94 2
8 97 4
9 4 1
9 5 3
9 13 3
9 29 4
9 37 2
9 38 4
9 65 4
9 72 1
9 75 0
9 76 0
10 10 3
10 12 0
10 32 1
10 33 3
10 35 4
10 40 3
10 47 2
10 53 0
10 57 0
10 77 2
11 18 1
11 19 4
11 23 1
11 28 0
11 30 4
11 49 2
11 62 4
11 65 3
11 73 0
11 85 2
12 39 3
12 48 1
12 59 2
12 62 1
12 67 3
12 68 1
12 69 1
12 82 1
12 88 2
12 97 2
13 6 1
13 8 1
13 14 2
13 15 0
13 27 1
13 49 4
13 57 1
13 66 2
13 67 2
13 70 1
14 7 2
14 20 0
14 43 3
14 47 1
14 51 2
14 62 3
14 68 2
14 70 1
14 81 1
14 93 3
15 0 0
15 3 3
15 11 4
15 41 1
15 55 4
15 59 4
15 61 0
15 84 1
15 92 4
15 97 3
16 13 1
16 18 2
16 36 2
16 37 0
16 40 1
16 45 3
16 55 0
16 62 1
16 77 3
16 78 4
17 1 4
17 7 0
17 17 0
17 20 1
17 27 0
17 29 2
17 40 4
17 48 1
17 54 0
17 56 2
18 6 4
18 15 4
18 28 4
18 37 2
18 50 2
18 52 0
18 56 2
18 83 3
18 87 0
18 95 0
19 8 1
19 35 1
19 39 1
19 54 4
19 60 2
19 67 0
19 77 1
19 81 4
19 89 3
19 92 2
20 1 0
20 5 1
20 21 3
20 25 4
20 53 3
20 58 0
20 71 1
20 80 1
20 86 0
20 99 1
21 8 2
21 16 0
21 47 1
21 49 1
21 63 1
21 65 3
21 71 1
21 80 4
21 85 0
21 90 1
22 8 2
22 9 0
22 12 2
22 23 4
22 33 0
22 57 2
22 66 2
22 71 4
22 73 1
22 90 4
23 16 1
23 21 4
23 25 1
23 34 4
23 40 0
23 65 1
23 70 2
23 82 2
23 85 0
23 89 4
24 17 2
24 20 4
24 27 4
24 31 3
24 39 0
24 46 1
24 55 0
24 65 0
24 70 1
24 76 4
25 21 0
25 31 1
25 48 0
25 77 1
25 80 3
25 85 1
25 88 0
25 92 4
25 96 1
25 97 4
26 0 4
26 7 2
26 10 0
26 12 0
26 43 2
26 49 4
26 50 0
26 63 3
26 65 1
26 70 3
27 5 0
27 10 1
27 13 2
27 18 0
27 30 4
27 42 3
27 67 2
27 68 3
27 87 4
27 97 0
28 6 3
28 16 0
28 19 2
28 22 3
28 32 4
28 59 4
28 61 3
28 83 1
28 86 4
28 95 4
29 9 4
29 14 2
29 34 2
29 43 1
29 60 0
29 61 3
29 86 3
29 89 4
29 93 1
29 95 1
30 3 1
30 10 2
30 39 2
30 40 2
30 59 2
30 61 1
30 67 4
30 84 2
30 89 1
30 92 3
31 6 3
31 9 4
31 20 1
31 42 0
31 43 1
31 73 4
31 74 4
31 92 4
31 93 4
31 96 3
32 18 2
32 31 4
32 47 2
32 52 0
32 69 2
32 71 1
32 80 3
32 84 0
32 86 2
32 94 2
33 7 1
33 15 1
33 40 2
33 45 2
33 62 2
33 65 0
33 66 0
33 88 1
33 92 1
33 97 1
34 11 2
34 15 0
34 18 2
34 30 1
34 37 3
34 46 1
34 48 4
34 57 2
34 61 1
34 66 0
35 0 2
35 5 0
35 10 0
35 14 1
35 22 4
35 28 0
35 66 0
35 67 4
35 85 1
35 89 2
36 9 0
36 22 4
36 27 1
36 37 4
36 49 0
36 54 3
36 58 4
36 64 2
36 94 3
36 95 4
37 15 0
37 27 3
37 29 3
37 60 3
37 69 2
37 71 3
37 72 1
37 80 3
37 86 3
37 92 0
38 14 3
38 25 0
38 28 4
38 33 3
38 36 1
38 48 3
38 52 2
38 58 3
38 59 3
38 88 1
39 3 3
39 7 4
39 12 3
39 19 3
39 23 3
39 28 3
39 29 3
39 42 3
39 49 3
39 65 4
40 17 1
40 34 3
40 36 0
40 43 2
40 45 1
40 46 0
40 51 4
40 54 1
40 71 3
40 90 4
41 14 0
41 39 3
41 41 2
41 55 2
41 57 3
41 60 4
41 71 1
41 81 3
41 91 1
41 96 0
42 6 2
42 8 0
42 26 2
42 32 3
42 40 0
42 44 2
42 45 4
42 47 0
42 50 4
42 59 2
43 1 3
43 3 0
43 17 3
43 18 3
43 53 4
43 62 3
43 65 2
43 73 2
43 78 1
43 99 3
44 0 3
44 2 0
44 21 3
44 33 4
44 39 2
44 53 2
44 55 4
44 59 0
44 61 0
44 69 4
45 3 1
45 14 3
45 22 4
45 28 1
45 34 4
45 45 0
45 57 0
45 67 3
45 85 3
45 89 3
46 6 0
46 12 0
46 29 3
46 31 2
46 39 1
46 41 1
46 68 3
46 69 3
46 74 0
46 86 1
47 8 1
47 28 2
47 48 2
47 49 1
47 51 0
47 53 4
47 59 1
47 62 3
47 65 3
47 98 3
48 16 4
48 20 2
48 23 0
48 28 0
48 44 3
48 51 4
48 55 2
48 61 3
48 67 4
48 83 0
49 44 2
49 55 4
49 60 1
49 65 3
49 70 0
49 71 2
49 78 2
49 87 1
49 93 2
49 98 4
50 0 3
50 8 0
50 12 0
50 33 0
50 42 2
50 47 3
50 61 2
50 66 3
50 69 1
50 80 4
51 22 3
51 26 4
51 29 4
51 33 0
51 41 2
51 61 4
51 72 4
51 76 4
51 83 1
51 94 3
52 9 1
52 12 4
52 24 1
52 42 2
52 57 2
52 62 1
52 74 2
52 76 4
52 87 2
52 99 2
53 8 1
53 20 3
53 25 2
53 32 1
53 45 2
53 46 4
53 72 0
53 78 2
53 80 3
53 91 1
54 2 4
54 13 1
54 16 4
54 22 1
54 37 3
54 50 4
54 66 2
54 75 0
54 81 2
54 88 2
55 43 1
55 50 0
55 55 3
55 62 2
55 68 3
55 74 3
55 81 1
55 88 3
55 89 3
55 97 3
56 23 4
56 27 0
56 34 3
56 50 4
56 51 4
56 56 0
56 60 0
56 70 1
56 75 3
56 86 4
57 3 0
57 31 0
57 47 0
57 53 2
57 55 3
57 60 4
57 66 1
57 81 4
57 85 0
57 90 4
58 2 4
58 7 0
58 16 0
58 37 3
58 39 3
58 44 0
58 62 0
58 66 2
58 77 2
58 84 1
59 2 4
59 13 3
59 18 2
59 29 1
59 43 1
59 45 4
59 58 2
59 80 1
59 98 4
59 99 4
60 14 3
60 41 2
60 46 3
60 69 3
60 70 1
60 72 0
60 74 1
60 76 3
60 81 0
60 98 0
61 2 1
61 19 3
61 36 0
61 39 3
61 52 4
61 60 0
61 64 4
61 71 2
61 80 4
61 85 3
62 21 4
62 27 0
62 29 0
62 37 4
62 44 2
62 46 4
62 51 4
62 68 4
62 83 4
62 99 3
63 0 1
63 18 2
63 21 0
63 27 1
63 31 1
63 43 3
63 51 3
63 55 1
63 58 0
63 75 4
64 3 0
64 6 3
64 8 2
64 10 2
64 40 2
64 47 1
64 64 3
64 75 0
64 87 4
64 97 0
65 5 0
65 7 1
65 28 4
65 40 4
65 48 0
65 55 1
65 76 4
65 87 1
65 90 3
65 91 0
66 1 0
66 2 3
66 5 0
66 30 0
66 40 4
66 43 2
66 48 4
66 85 1
66 88 3
66 89 0
67 1 1
67 40 0
67 43 2
67 47 3
67 54 4
67 63 0
67 80 0
67 86 2
67 95 3
67 97 2
68 11 2
68 50 2
68 51 3
68 55 2
68 59 0
68 61 0
68 83 1
68 94 2
68 95 1
68 97 3
69 1 4
69 17 0
69 26 4
69 27 1
69 29 2
69 45 4
69 47 0
69 87 1
69 90 1
69 99 1
70 19 4
70 24 0
70 27 3
70 38 2
70 39 1
70 42 2
70 44 0
70 53 0
70 66 3
70 80 0
71 21 0
71 34 0
71 44 0
71 53 4
71 58 1
71 60 4
71 70 2
71 74 1
71 86 2
71 94 0
72 15 1
72 19 2
72 23 4
72 34 0
72 50 2
72 63 2
72 72 0
72 76 2
72 79 2
72 82 0
73 5 4
73 11 1
73 13 3
73 14 4
73 22 2
73 32 3
73 39 4
73 64 1
73 76 1
73 88 2
74 11 1
74 26 0
74 47 4
74 48 3
74 50 4
74 60 4
74 70 4
74 78 0
74 85 0
74 86 4
75 2 4
75 16 1
75 38 3
75 41 0
75 45 1
75 52 2
75 84 3
75 85 0
75 88 4
75 95 0
76 3 2
76 19 4
76 50 0
76 55 3
76 64 4
76 75 2
76 76 4
76 77 2
76 92 4
76 96 2
77 26 4
77 28 0
77 61 1
77 71 2
77 75 0
77 81 3
77 90 2
77 91 2
77 94 3
77 95 0
78 11 1
78 18 2
78 34 1
78 50 0
78 54 0
78 57 4
78 69 4
78 74 1
78 82 3
78 84 4
79 6 2
79 16 4
79 36 1
79 53 2
79 56 0
79 57 0
79 63 2
79 77 0
79 87 0
79 98 0
80 15 0
80 31 2
80 44 0
80 54 2
80 59 0
80 82 0
80 83 3
80 85 3
80 89 2
80 93 4
81 18 0
81 21 0
81 34 2
81 38 4
81 44 0
81 50 1
81 53 2
81 65 1
81 71 3
81 90 0
82 3 2
82 15 4
82 33 4
82 53 4
82 58 2
82 60 0
82 63 0
82 91 1
82 97 0
82 98 1
83 4 2
83 13 2
83 16 4
83 33 1
83 48 4
83 49 2
83 71 3
83 72 2
83 77 1
83 89 2
84 12 3
84 27 3
84 44 0
84 51 2
84 53 3
84 55 1
84 77 4
84 79 3
84 95 3
84 99 4
85 0 1
85 1 0
85 30 4
85 34 2
85 37 0
85 47 3
85 54 1
85 69 0
85 91 0
85 92 4
86 8 0
86 20 0
86 42 1
86 52 1
86 53 1
86 62 0
86 63 1
86 64 1
86 75 0
86 87 1
87 6 1
87 17 1
87 28 2
87 32 2
87 47 0
87 49 0
87 71 4
87 82 1
87 85 2
87 91 3
88 13 0
88 23 3
88 28 3
88 32 2
88 37 3
88 49 1
88 56 2
88 79 0
88 87 4
88 92 1
89 14 2
89 15 0
89 20 2
89 24 3
89 25 1
89 43 1
89 54 3
89 59 0
89 68 4
89 77 0
90 11 4
90 12 4
90 15 4
90 25 4
90 40 1
90 64 2
90 69 1
90 76 0
90 92 3
90 94 4
91 13 4
91 18 1
91 19 2
91 34 4
91 38 3
91 48 3
91 53 0
91 74 3
91 77 1
91 98 0
92 2 3
92 6 1
92 28 4
92 39 0
92 40 4
92 46 0
92 56 2
92 82 1
92 90 3
92 95 3
93 18 1
93 32 4
93 61 2
93 63 0
93 64 2
93 67 4
93 71 3
93 76 0
93 90 4
93 95 2
94 8 2
94 31 3
94 34 3
94 38 1
94 55 1
94 69 3
94 77 2
94 78 1
94 88 4
94 92 1
95 2 1
95 3 0
95 11 1
95 14 2
95 38 0
95 44 0
95 62 1
95 78 4
95 86 0
95 92 2
96 5 1
96 15 2
96 19 2
96 41 3
96 50 4
96 54 4
96 64 1
96 74 1
96 81 2
96 94 0
97 1 0
97 19 1
97 22 3
97 47 4
97 52 4
97 60 4
97 67 3
97 87 2
97 88 4
97 99 2
98 9 1
98 27 3
98 29 3
98 35 2
98 37 3
98 64 3
98 65 3
98 71 2
98 80 2
98 86 3
99 2 2
99 5 2
99 8 2
99 25 3
99 30 3
99 36 2
99 37 2
99 70 3
99 85 0
99 88 3
