100
100
3000 3000 3000 3000 3000 3000 3000 3000 3000 3000 3000 3000 3000 3000 3000 3000 3000 3000 3000 3000 3000 3000 3000 3000 3000 3000 3000 3000 3000 3000 3000 3000 3000 3000 3000 3000 3000 3000 3000 3000 3000 3000 3000 3000 3000 3000 3000 3000 3000 3000 3000 3000 3000 3000 3000 3000 3000 3000 3000 3000 3000 3000 3000 3000 3000 3000 3000 3000 3000 3000 3000 3000 3000 3000 3000 3000 3000 3000 3000 3000 3000 3000 3000 3000 3000 3000 3000 3000 3000 3000 3000 3000 3000 3000 3000 3000 3000 3000 3000 3000
0 6 0
0 11 2
0 14 2
0 21 3
0 51 1
0 52 3
0 53 1
0 58 0
0 71 1
0 92 4
1 16 1
1 22 1
1 41 1
1 44 3
1 57 2
1 61 0
1 69 1
1 74 4
1 91 0
1 97 0
2 6 3
2 9 2
2 20 2
2 34 2
2 44 1
2 53 4
2 54 4
2 67 0
2 82 2
2 94 3
3 10 1
3 28 0
3 30 0
3 38 4
3 42 3
3 54 2
3 57 1
3 59 3
3 66 3
3 85 2
4 1 3
4 18 2
4 45 0
4 69 3
4 72 3
4 76 1
4 78 4
4 79 2
4 96 1
4 97 1
5 0 3
5 1 2
5 14 4
5 34 1
5 46 2
5 56 1
5 58 0
5 73 4
5 77 3
5 86 0
6 2 3
6 6 1
6 18 0
6 23 1
6 29 2
6 34 4
6 40 0
6 54 0
6 55 3
6 68 0
7 8 3
7 15 2
7 25 1
7 30 1
7 32 0
7 47 0
7 73 3
7 81 0
7 87 3
7 98 2
8 7 4
8 8 3
8 24 0
8 31 4
8 35 0
8 37 3
8 42 2
8 75 3
8 86 3
8 98 4
9 17 1
9 38 4
9 41 4
9 42 4
9 54 3
9 57 4
9 66 2
9 68 3
9 82 0
9 94 0
10 0 3
10 1 4
10 10 4
10 41 4
10 42 4
10 63 0
10 66 1
10 67 4
10 82 3
10 94 2
11 14 0
11 16 3
11 20 4
11 22 2
11 33 4
11 50 1
11 74 1
11 80 1
11 82 0
11 83 3
12 0 0
12 20 2
12 23 1
12 31 1
12 36 1
12 51 0
12 56 4
12 60 2
12 61 0
12 74 2
13 1 3
13 15 0
13 17 3
13 18 2
13 26 2
13 57 4
13 70 4
13 86 2
13 89 3
13 99 1
14 28 2
14 41 3
14 49 0
14 59 3
14 64 2
14 68 3
14 79 1
14 83 1
14 92 3
14 97 2
15 2 0
15 22 3
15 24 0
15 32 4
15 57 3
15 66 0
15 69 1
15 82 2
15 85 1
15 92 2
16 9 0
16 18 1
16 36 2
16 41 0
16 51 4
16 52 3
16 74 4
16 78 2
16 83 1
16 89 0
17 12 0
17 16 1
17 23 0
17 32 4
17 51 3
17 75 2
17 77 3
17 89 3
17 97 4
17 99 2
18 3 4
18 4 1
18 7 1
18 74 0
18 77 2
18 78 3
18 85 1
18 94 2
18 95 4
18 96 2
19 11 4
19 15 0
19 20 3
19 29 2
19 36 1
19 38 1
19 50 2
19 65 1
19 67 0
19 82 3
20 0 3
20 5 4
20 38 3
20 39 1
20 54 2
20 60 1
20 69 0
20 78 1
20 83 3
20 96 1
21 17 4
21 26 0
21 29 3
21 47 3
21 48 0
21 60 4
21 63 0
21 85 3
21 88 2
21 96 4
22 1 3
22 19 1
22 32 3
22 37 3
22 48 2
22 53 3
22 61 4
22 81 3
22 94 1
22 96 0
23 23 0
23 26 3
23 30 0
23 36 4
23 49 0
23 66 3
23 72 2
23 81 3
23 88 3
23 94 2
24 5 2
24 10 1
24 20 3
24 41 0
24 59 0
24 62 0
24 74 2
24 79 0
24 92 3
24 93 0
25 16 0
25 21 0
25 45 3
25 46 4
25 50 1
25 51 3
25 58 1
25 60 1
25 79 2
25 92 0
26 17 2
26 25 3
26 39 3
26 47 1
26 49 4
26 73 0
26 75 3
26 78 3
26 90 0
26 92 0
27 10 2
27 16 0
27 21 4
27 40 1
27 43 2
27 54 0
27 59 1
27 61 2
27 78 4
27 85 1
28 3 3
28 4 2
28 8 1
28 11 1
28 17 2
28 20 3
28 50 3
28 64 1
28 65 0
28 74 1
29 7 2
29 12 0
29 13 3
29 19 1
29 23 3
29 30 4
29 37 4
29 48 0
29 72 4
29 86 4
30 1 3
30 4 0
30 10 1
30 15 1
30 17 1
30 30 2
30 42 4
30 71 4
30 91 2
30 99 3
31 16 0
31 26 3
31 32 3
31 42 2
31 47 0
31 60 4
31 82 0
31 88 1
31 92 3
31 95 3
32 1 1
32 3 0
32 6 0
32 11 4
32 12 0
32 44 0
32 50 0
32 60 0
32 62 4
32 72 3
33 17 2
33 27 2
33 28 3
33 33 4
33 57 2
33 58 3
33 69 0
33 72 0
33 73 0
33 82 4
34 24 0
34 27 2
34 42 3
34 44 2
34 61 2
34 62 4
34 81 4
34 83 2
34 85 0
34 99 4
35 2 2
35 5 0
35 39 2
35 57 0
35 65 0
35 76 2
35 79 4
35 83 1
35 86 2
35 97 0
36 1 3
36 14 0
36 16 2
36 29 2
36 41 2
36 71 1
36 79 0
36 92 0
36 93 2
36 95 1
37 2 3
37 18 2
37 26 3
37 37 0
37 65 4
37 69 4
37 78 0
37 81 2
37 86 0
37 95 2
38 0 4
38 26 2
38 41 0
38 50 0
38 53 4
38 59 0
38 61 3
38 66 1
38 77 3
38 87 2
39 12 3
39 15 3
39 41 2
39 47 2
39 50 3
39 67 1
39 70 0
39 89 3
39 91 1
39 97 3
40 4 4
40 11 0
40 13 0
40 17 2
40 18 0
40 49 2
40 50 3
40 65 1
40 80 0
40 93 1
41 2 4
41 6 1
41 9 0
41 20 2
41 43 1
41 64 2
41 66 4
41 69 4
41 86 4
41 99 2
42 13 3
42 14 2
42 32 1
42 43 0
42 56 2
42 60 1
42 66 2
42 74 3
42 85 0
42 95 0
43 4 4
43 5 3
43 22 1
43 24 3
43 36 3
43 52 3
43 60 4
43 73 2
43 74 1
43 77 4
44 11 1
44 15 4
44 27 4
44 48 1
44 49 1
44 54 3
44 75 3
44 81 1
44 86 3
44 93 0
45 0 4
45 4 3
45 35 0
45 44 3
45 49 1
45 67 4
45 78 0
45 79 2
45 81 0
45 86 3
46 1 2
46 22 2
46 30 0
46 31 4
46 35 1
46 37 3
46 42 2
46 49 4
46 54 4
46 78 0
47 21 1
47 32 3
47 36 0
47 54 1
47 71 3
47 73 4
47 74 2
47 76 3
47 77 0
47 91 3
48 22 1
48 34 1
48 35 4
48 50 0
48 51 1
48 69 0
48 74 2
48 91 1
48 97 4
48 98 2
49 3 0
49 5 3
49 27 1
49 28 1
49 38 2
49 40 2
49 58 2
49 66 2
49 72 0
49 96 4
50 10 2
50 15 1
50 26 4
50 35 1
50 62 0
50 63 4
50 69 1
50 70 2
50 84 4
50 99 2
51 5 1
51 19 3
51 22 4
51 24 3
51 30 2
51 42 4
51 61 4
51 68 0
51 70 3
51 79 0
52 2 4
52 4 1
52 9 2
52 15 0
52 23 3
52 38 1
52 39 1
52 50 1
52 67 3
52 83 4
53 2 2
53 17 3
53 25 0
53 26 0
53 46 1
53 62 4
53 68 1
53 81 3
53 95 4
53 96 2
54 16 4
54 20 2
54 35 2
54 47 1
54 55 3
54 59 3
54 81 1
54 84 1
54 86 4
54 88 3
55 32 4
55 33 4
55 49 2
55 52 2
55 67 4
55 75 1
55 80 1
55 87 0
55 94 3
55 99 4
56 2 3
56 11 3
56 41 0
56 46 4
56 53 0
56 64 2
56 68 3
56 74 3
56 86 1
56 93 4
57 14 3
57 18 2
57 29 3
57 61 0
57 65 2
57 84 2
57 86 4
57 89 0
57 94 0
57 95 0
58 2 3
58 5 3
58 28 4
58 39 2
58 42 2
58 65 1
58 71 3
58 72 2
58 74 0
58 95 2
59 7 0
59 24 4
59 29 4
59 35 4
59 38 4
59 41 0
59 58 4
59 59 0
59 91 0
59 99 1
60 6 2
60 7 3
60 15 4
60 27 0
60 28 4
60 40 1
60 50 2
60 59 1
60 68 2
60 74 4
61 7 4
61 30 4
61 37 2
61 38 3
61 49 0
61 58 4
61 60 1
61 63 4
61 70 1
61 76 1
62 3 1
62 6 4
62 7 2
62 17 3
62 21 1
62 36 4
62 56 4
62 64 1
62 81 3
62 98 4
63 9 4
63 17 2
63 29 3
63 36 2
63 45 4
63 47 0
63 56 0
63 66 1
63 71 2
63 94 1
64 1 4
64 6 2
64 12 1
64 16 0
64 17 2
64 18 0
64 36 0
64 59 2
64 77 4
64 82 2
65 3 1
65 26 1
65 33 0
65 41 3
65 50 4
65 65 3
65 71 3
65 77 0
65 82 1
65 88 1
66 8 3
66 23 2
66 27 3
66 39 0
66 46 2
66 47 3
66 49 3
66 64 0
66 68 2
66 72 2
67 1 3
67 6 2
67 31 2
67 39 3
67 63 4
67 70 1
67 75 4
67 82 3
67 84 1
67 86 2
68 5 3
68 10 3
68 33 4
68 34 3
68 36 0
68 58 1
68 70 0
68 81 3
68 88 3
68 91 4
69 3 3
69 5 0
69 13 4
69 24 1
69 34 2
69 56 4
69 63 1
69 66 0
69 83 2
69 88 0
70 4 1
70 7 1
70 18 0
70 19 0
70 28 1
70 34 2
70 43 4
70 46 1
70 78 0
70 88 0
71 2 0
71 21 2
71 22 3
71 31 4
71 32 1
71 42 2
71 46 4
71 81 2
71 90 0
71 99 2
72 8 4
72 10 2
72 25 0
72 33 2
72 42 3
72 58 3
72 59 2
72 81 3
72 95 3
72 96 4
73 20 4
73 30 4
73 35 4
73 53 1
73 55 0
73 56 0
73 60 1
73 64 2
73 73 2
73 80 4
74 0 2
74 4 2
74 29 3
74 53 4
74 61 0
74 62 3
74 73 4
74 75 0
74 92 3
74 93 3
75 1 1
75 12 3
75 19 3
75 38 4
75 49 0
75 54 0
75 70 2
75 85 1
75 86 0
75 95 1
76 0 0
76 21 0
76 35 2
76 48 3
76 54 0
76 56 2
76 61 1
76 64 2
76 70 4
76 84 3
77 25 4
77 30 2
77 34 4
77 49 2
77 53 2
77 55 1
77 61 3
77 70 1
77 85 4
77 95 0
78 3 2
78 8 0
78 16 0
78 36 1
78 37 2
78 55 2
78 68 1
78 76 3
78 78 3
78 98 4
79 1 4
79 24 4
79 26 2
79 27 4
79 46 0
79 67 1
79 69 2
79 71 0
79 75 3
79 93 3
80 20 4
80 23 4
80 28 2
80 42 2
80 68 4
80 70 3
80 75 2
80 95 2
80 98 1
80 99 4
81 11 1
81 20 2
81 22 2
81 25 4
81 34 0
81 50 1
81 60 2
81 81 4
81 87 4
81 88 1
82 5 4
82 13 1
82 21 4
82 26 0
82 44 1
82 55 3
82 59 1
82 75 0
82 79 0
82 93 0
83 11 1
83 17 0
83 19 0
83 23 4
83 26 3
83 38 1
83 40 2
83 74 1
83 86 3
83 99 3
84 18 1
84 38 2
84 43 3
84 53 3
84 54 4
84 59 1
84 72 4
84 80 2
84 86 1
84 87 2
85 2 2
85 3 1
85 13 1
85 19 1
85 20 0
85 32 1
85 33 0
85 36 0
85 45 2
85 57 4
86 11 2
86 13 2
86 15 3
86 29 3
86 40 1
86 51 3
86 52 4
86 56 4
86 63 2
86 85 1
87 1 1
87 2 4
87 17 4
87 32 0
87 33 1
87 41 4
87 51 1
87 61 1
87 64 4
87 99 3
88 2 3
88 10 2
88 19 3
88 44 4
88 54 2
88 55 4
88 58 3
88 62 2
88 63 1
88 88 4
89 0 2
89 11 3
89 13 4
89 24 4
89 39 2
89 64 1
89 78 3
89 82 2
89 84 1
89 85 4
90 4 1
90 8 3
90 20 0
90 30 1
90 45 3
90 51 1
90 62 3
90 87 3
90 93 0
90 95 4
91 5 3
91 50 4
91 63 2
91 65 3
91 68 4
91 69 2
91 87 1
91 88 3
91 92 0
91 93 3
92 5 1
92 7 1
92 9 2
92 15 0
92 26 2
92 52 0
92 76 2
92 86 2
92 92 1
92 93 0
93 1 3
93 21 3
93 24 0
93 32 2
93 38 4
93 68 4
93 73 3
93 76 4
93 86 0
93 92 1
94 0 1
94 2 1
94 25 4
94 32 2
94 54 0
94 56 2
94 67 2
94 68 4
94 94 4
94 99 4
95 7 3
95 21 1
95 35 4
95 64 0
95 67 3
95 82 3
95 85 0
95 89 4
95 91 0
95 98 3
96 5 4
96 6 1
96 7 2
96 16 3
96 19 0
96 38 2
96 61 4
96 85 1
96 96 2
96 98 1
97 1 4
97 8 2
97 24 0
97 30 4
97 34 4
97 51 0
97 54 0
97 59 0
97 60 3
97 73 3
98 8 1
98 25 4
98 30 3
98 33 2
98 48 1
98 57 0
98 84 4
98 85 0
98 87 4
98 91 0
99 0 0
99 8 1
99 10 4
99 20 3
99 39 3
99 40 2
99 52 3
99 53 0
99 56 4
99 99 4
