100
100
3000 3000 3000 3000 3000 3000 3000 3000 3000 3000 3000 3000 3000 3000 3000 3000 3000 3000 3000 3000 3000 3000 3000 3000 3000 3000 3000 3000 3000 3000 3000 3000 3000 3000 3000 3000 3000 3000 3000 3000 3000 3000 3000 3000 3000 3000 3000 3000 3000 3000 3000 3000 3000 3000 3000 3000 3000 3000 3000 3000 3000 3000 3000 3000 3000 3000 3000 3000 3000 3000 3000 3000 3000 3000 3000 3000 3000 3000 3000 3000 3000 3000 3000 3000 3000 3000 3000 3000 3000 3000 3000 3000 3000 3000 3000 3000 3000 3000 3000 3000
0 0 2
0 3 2
0 9 1
0 15 4
0 28 4
0 40 2
0 79 1
0 83 3
0 85 0
0 86 1
1 0 1
1 9 2
1 10 1
1 22 4
1 30 1
1 38 4
1 46 4
1 81 1
1 82 1
1 87 3
2 0 3
2 9 1
2 18 2
2 19 2
2 21 4
2 24 1
2 28 3
2 48 1
2 77 4
2 96 0
3 21 0
3 38 4
3 46 2
3 53 3
3 59 1
3 79 3
3 83 0
3 84 3
3 85 1
3 92 4
4 0 1
4 20 0
4 43 3
4 47 0
4 52 0
4 56 3
4 61 0
4 76 2
4 88 0
4 94 3
5 2 2
5 7 3
5 9 2
5 13 1
5 16 1
5 28 2
5 52 0
5 55 1
5 56 2
5 61 2
6 5 2
6 25 1
6 30 1
6 37 2
6 47 1
6 50 4
6 52 4
6 60 0
6 67 0
6 74 4
7 6 2
7 13 4
7 17 2
7 28 0
7 50 2
7 62 3
7 64 4
7 72 4
7 91 3
7 93 0
8 1 4
8 14 1
8 30 0
8 45 0
8 46 3
8 48 2
8 59 4
8 78 0
8 80 4
8 96 2
9 0 2
9 2 0
9 6 0
9 12 2
9 26 2
9 59 1
9 72 2
9 94 3
9 95 3
9 96 4
10 7 2
10 9 4
10 10 2
10 12 3
10 18 1
10 25 0
10 26 1
10 37 2
10 76 3
10 87 1
11 20 2
11 21 2
11 35 1
11 38 0
11 60 3
11 67 2
11 73 4
11 82 3
11 84 2
11 98 2
12 0 0
12 26 0
12 49 0
12 54 1
12 62 3
12 69 3
12 80 1
12 85 4
12 98 4
12 99 2
13 10 1
13 38 1
13 56 2
13 60 3
13 69 2
13 71 3
13 74 4
13 79 2
13 88 3
13 91 1
14 4 1
14 20 3
14 62 1
14 64 2
14 83 4
14 86 2
14 89 1
14 90 0
14 94 3
14 97 4
15 1 2
15 3 3
15 9 0
15 12 2
15 70 2
15 80 1
15 82 0
15 89 3
15 90 0
15 98 2
16 17 2
16 23 4
16 26 4
16 28 3
16 38 0
16 42 0
16 50 3
16 65 4
16 67 2
16 74 1
17 8 4
17 10 2
17 43 4
17 51 4
17 53 1
17 54 0
17 62 2
17 91 0
17 95 1
17 99 2
18 5 3
18 24 4
18 36 0
18 43 1
18 64 3
18 67 2
18 69 0
18 70 0
18 81 4
18 91 2
19 23 1
19 26 1
19 31 3
19 41 2
19 54 4
19 59 1
19 60 4
19 72 4
19 80 2
19 93 4
20 11 1
20 14 3
20 42 2
20 43 0
20 64 4
20 73 0
20 78 4
20 82 2
20 90 0
20 98 1
21 5 2
21 30 1
21 47 0
21 56 0
21 60 4
21 61 3
21 69 3
21 79 4
21 82 0
21 90 3
22 4 3
22 9 4
22 17 3
22 36 4
22 43 4
22 45 3
22 67 1
22 78 4
22 80 4
22 99 4
23 2 1
23 19 3
23 29 0
23 32 0
23 36 2
23 37 4
23 43 4
23 74 1
23 80 0
23 94 0
24 14 3
24 16 0
24 35 1
24 40 4
24 45 2
24 57 0
24 65 2
24 67 1
24 87 3
24 98 0
25 3 4
25 12 0
25 28 4
25 31 1
25 41 0
25 66 3
25 77 0
25 79 1
25 93 2
25 97 1
26 35 4
26 42 1
26 43 3
26 60 2
26 62 2
26 66 0
26 78 0
26 85 2
26 86 3
26 92 4
27 14 2
27 50 0
27 62 0
27 70 3
27 71 3
27 75 2
27 78 4
27 89 0
27 93 4
27 95 1
28 3 2
28 19 0
28 36 3
28 49 4
28 60 3
28 64 3
28 80 0
28 81 3
28 91 3
28 93 0
29 0 3
29 1 1
29 2 3
29 3 2
29 17 2
29 18 0
29 29 2
29 60 4
29 66 3
29 98 2
30 2 4
30 4 1
30 25 3
30 27 3
30 49 4
30 50 4
30 59 1
30 75 0
30 85 3
30 95 4
31 4 4
31 5 1
31 10 4
31 31 4
31 41 3
31 44 2
31 47 3
31 57 0
31 62 1
31 93 1
32 9 4
32 13 3
32 20 1
32 22 1
32 42 2
32 48 4
32 51 3
32 55 3
32 58 2
32 88 0
33 0 1
33 4 3
33 7 3
33 37 1
33 49 4
33 50 4
33 59 3
33 62 0
33 84 3
33 90 2
34 11 4
34 12 3
34 13 1
34 23 1
34 44 3
34 45 4
34 64 1
34 77 2
34 89 3
34 90 3
35 24 0
35 25 1
35 32 3
35 37 4
35 42 0
35 44 4
35 58 2
35 74 3
35 77 1
35 81 0
36 2 1
36 23 0
36 36 4
36 43 1
36 45 0
36 57 1
36 62 3
36 64 1
36 68 0
36 93 4
37 3 1
37 8 1
37 31 3
37 40 1
37 47 3
37 49 3
37 58 0
37 64 3
37 67 4
37 93 1
38 1 1
38 26 0
38 37 1
38 41 4
38 42 2
38 57 4
38 74 0
38 79 1
38 81 3
38 83 1
39 0 0
39 9 0
39 13 2
39 35 3
39 43 3
39 49 3
39 73 4
39 83 1
39 87 4
39 89 2
40 8 1
40 13 1
40 24 3
40 29 4
40 43 0
40 51 2
40 66 3
40 70 3
40 78 0
40 94 0
41 15 3
41 16 2
41 27 3
41 30 3
41 41 1
41 42 2
41 54 4
41 60 2
41 79 2
41 90 2
42 4 4
42 5 4
42 7 0
42 10 0
42 37 1
42 50 2
42 57 1
42 60 1
42 66 0
42 84 1
43 16 3
43 37 2
43 51 0
43 61 4
43 70 0
43 72 1
43 75 0
43 78 2
43 94 3
43 99 0
44 1 3
44 39 4
44 41 0
44 50 3
44 51 1
44 52 0
44 67 4
44 68 3
44 88 1
44 92 3
45 4 3
45 15 2
45 18 4
45 37 3
45 55 3
45 63 1
45 70 2
45 87 1
45 89 4
45 98 2
46 0 0
46 6 3
46 18 2
46 40 1
46 59 2
46 73 2
46 74 2
46 79 0
46 86 1
46 90 4
47 25 2
47 35 4
47 47 3
47 56 4
47 60 3
47 65 1
47 83 3
47 84 3
47 87 3
47 89 1
48 0 3
48 20 0
48 36 1
48 47 0
48 63 2
48 65 0
48 74 1
48 80 1
48 93 4
48 96 4
49 6 2
49 7 4
49 15 3
49 35 1
49 36 1
49 57 2
49 58 2
49 76 1
49 80 4
49 86 2
50 9 4
50 29 0
50 41 3
50 49 2
50 71 0
50 75 3
50 78 4
50 89 3
50 94 3
50 99 1
51 23 4
51 33 2
51 35 1
51 47 4
51 48 4
51 64 4
51 71 2
51 77 2
51 81 4
51 91 1
52 5 4
52 6 2
52 16 1
52 18 1
52 24 0
52 36 3
52 43 2
52 58 0
52 81 0
52 85 1
53 2 2
53 17 0
53 45 0
53 47 4
53 55 0
53 57 2
53 58 3
53 70 0
53 95 4
53 96 2
54 8 4
54 18 0
54 21 3
54 32 0
54 51 1
54 52 4
54 57 3
54 68 2
54 84 0
54 86 1
55 9 1
55 10 3
55 24 4
55 28 3
55 35 4
55 36 4
55 49 0
55 68 4
55 87 0
55 94 3
56 33 4
56 36 0
56 49 2
56 52 1
56 61 0
56 62 4
56 65 3
56 67 3
56 74 0
56 91 2
57 2 0
57 10 0
57 16 3
57 20 3
57 48 1
57 62 4
57 66 2
57 71 0
57 84 3
57 86 1
58 12 3
58 16 1
58 20 3
58 29 3
58 32 3
58 35 3
58 46 2
58 57 0
58 70 4
58 95 4
59 7 3
59 30 1
59 46 4
59 57 1
59 65 0
59 70 0
59 71 0
59 77 1
59 86 4
59 92 4
60 5 3
60 10 3
60 16 0
60 19 4
60 42 1
60 47 3
60 50 0
60 57 3
60 64 3
60 80 4
61 6 0
61 7 4
61 30 0
61 38 3
61 49 2
61 67 0
61 70 4
61 74 1
61 84 1
61 95 4
62 24 4
62 25 3
62 28 4
62 31 2
62 48 0
62 54 0
62 58 2
62 84 2
62 97 1
62 99 0
63 1 4
63 9 2
63 11 3
63 14 3
63 31 2
63 63 0
63 66 2
63 74 0
63 84 4
63 88 1
64 0 3
64 4 0
64 18 1
64 29 0
64 36 4
64 38 1
64 53 2
64 68 1
64 85 1
64 96 2
65 2 1
65 22 2
65 50 3
65 51 2
65 55 2
65 66 4
65 74 3
65 82 0
65 94 1
65 97 3
66 5 3
66 7 0
66 28 3
66 44 3
66 45 4
66 52 4
66 58 3
66 70 0
66 71 2
66 98 2
67 9 0
67 19 3
67 20 0
67 41 4
67 43 2
67 73 0
67 78 0
67 84 3
67 94 4
67 98 3
68 0 3
68 5 4
68 12 1
68 21 3
68 28 2
68 41 1
68 46 1
68 48 3
68 57 1
68 60 2
69 11 3
69 17 4
69 43 4
69 44 1
69 45 1
69 52 2
69 59 1
69 60 2
69 62 3
69 90 4
70 11 3
70 17 3
70 23 4
70 32 3
70 46 3
70 56 2
70 59 0
70 74 4
70 81 3
70 98 1
71 5 1
71 7 3
71 8 3
71 14 0
71 53 3
71 55 3
71 61 3
71 69 0
71 79 3
71 84 3
72 6 0
72 15 0
72 25 4
72 28 0
72 40 1
72 54 4
72 56 3
72 74 2
72 91 1
72 96 3
73 11 0
73 13 4
73 16 1
73 21 3
73 28 4
73 31 1
73 60 1
73 68 2
73 79 4
73 86 3
74 20 1
74 29 0
74 30 4
74 35 4
74 36 2
74 37 4
74 49 2
74 84 4
74 88 0
74 94 4
75 5 3
75 11 1
75 12 2
75 16 3
75 51 2
75 52 0
75 61 1
75 70 1
75 88 4
75 91 3
76 16 2
76 18 3
76 26 4
76 33 2
76 36 4
76 42 3
76 44 4
76 55 3
76 75 2
76 95 2
77 1 0
77 4 1
77 28 4
77 36 1
77 57 0
77 64 1
77 68 4
77 73 2
77 86 2
77 95 3
78 5 3
78 11 1
78 19 1
78 24 4
78 27 3
78 34 3
78 42 0
78 50 2
78 69 2
78 77 0
79 0 3
79 5 3
79 28 0
79 32 2
79 43 1
79 49 0
79 56 0
79 62 2
79 63 1
79 74 2
80 4 1
80 14 0
80 47 4
80 51 3
80 52 4
80 65 0
80 84 2
80 90 3
80 95 3
80 98 3
81 22 1
81 29 0
81 32 2
81 35 4
81 38 1
81 47 4
81 50 4
81 51 3
81 62 3
81 72 4
82 19 2
82 24 4
82 44 3
82 52 1
82 58 4
82 66 2
82 70 2
82 73 2
82 76 3
82 98 3
83 1 0
83 8 3
83 13 4
83 16 0
83 19 4
83 32 0
83 58 1
83 69 1
83 81 4
83 94 3
84 5 2
84 6 3
84 15 1
84 23 3
84 28 4
84 41 3
84 59 3
84 61 0
84 63 0
84 65 0
85 31 2
85 41 3
85 47 0
85 52 0
85 67 2
85 68 0
85 70 2
85 77 0
85 83 4
85 90 3
86 3 1
86 16 0
86 20 0
86 26 4
86 30 3
86 31 4
86 36 2
86 42 2
86 78 1
86 81 2
87 10 2
87 13 0
87 33 4
87 36 1
87 41 4
87 44 1
87 59 1
87 60 0
87 90 4
87 94 4
88 13 0
88 15 4
88 19 3
88 28 1
88 51 3
88 65 2
88 66 1
88 85 4
88 86 4
88 95 3
89 6 4
89 24 3
89 34 4
89 43 4
89 50 1
89 51 3
89 56 3
89 69 2
89 79 1
89 95 1
90 16 1
90 18 1
90 26 2
90 31 3
90 49 3
90 58 1
90 71 3
90 76 4
90 80 0
90 92 0
91 14 1
91 16 4
91 29 0
91 30 4
91 33 2
91 40 4
91 44 4
91 75 0
91 77 4
91 86 2
92 3 3
92 5 4
92 7 0
92 11 4
92 12 0
92 44 1
92 64 4
92 67 4
92 85 0
92 87 1
93 2 4
93 7 1
93 9 3
93 17 2
93 20 2
93 53 3
93 69 2
93 77 1
93 91 4
93 99 3
94 0 0
94 1 0
94 17 3
94 33 4
94 45 1
94 46 4
94 52 2
94 56 3
94 67 4
94 93 3
95 0 4
95 5 4
95 12 4
95 13 1
95 20 0
95 25 4
95 27 2
95 32 2
95 40 2
95 45 4
96 5 3
96 45 1
96 53 0
96 67 2
96 69 0
96 84 1
96 87 3
96 90 1
96 94 4
96 96 3
97 1 3
97 5 0
97 14 1
97 32 2
97 36 0
97 41 0
97 52 2
97 63 4
97 70 2
97 72 0
98 0 2
98 2 1
98 7 2
98 17 4
98 22 2
98 38 4
98 39 1
98 45 3
98 48 3
98 78 4
99 1 2
99 6 4
99 10 0
99 16 0
99 28 4
99 52 4
99 54 0
99 63 1
99 81 0
99 87 4
