100
100
3000 3000 3000 3000 3000 3000 3000 3000 3000 3000 3000 3000 3000 3000 3000 3000 3000 3000 3000 3000 3000 3000 3000 3000 3000 3000 3000 3000 3000 3000 3000 3000 3000 3000 3000 3000 3000 3000 3000 3000 3000 3000 3000 3000 3000 3000 3000 3000 3000 3000 3000 3000 3000 3000 3000 3000 3000 3000 3000 3000 3000 3000 3000 3000 3000 3000 3000 3000 3000 3000 3000 3000 3000 3000 3000 3000 3000 3000 3000 3000 3000 3000 3000 3000 3000 3000 3000 3000 3000 3000 3000 3000 3000 3000 3000 3000 3000 3000 3000 3000
0 0 1
0 2 1
0 25 4
0 26 4
0 30 1
0 43 3
0 48 1
0 54 3
0 55 1
0 61 0
0 66 4
0 67 3
0 75 0
0 80 1
0 81 4
0 88 2
0 94 3
0 95 0
0 97 4
0 99 0
1 4 3
1 13 0
1 26 0
1 31 0
1 33 4
1 43 1
1 75 4
1 80 0
1 83 2
1 98 0
2 9 3
2 10 4
2 29 4
2 33 2
2 36 2
2 42 0
2 44 1
2 50 3
2 66 2
2 72 3
2 76 1
2 79 0
2 82 4
2 88 4
3 5 0
3 7 0
3 10 0
3 26 3
3 38 2
3 55 3
3 61 0
3 72 2
3 84 3
3 90 4
3 93 3
3 97 2
4 11 2
4 14 1
4 19 4
4 22 3
4 23 3
4 24 4
4 35 0
4 43 0
4 44 2
4 82 2
4 95 1
5 6 4
5 21 3
5 32 2
5 70 2
5 98 1
6 8 3
6 23 0
6 40 1
6 53 0
6 65 2
6 67 1
6 75 0
6 81 1
7 1 3
7 7 4
7 14 0
7 21 1
7 32 3
7 44 0
7 46 1
7 52 4
7 61 0
7 68 4
7 86 4
8 6 1
8 15 2
8 28 4
8 38 0
8 49 1
8 58 0
8 61 4
8 69 3
8 70 0
8 80 0
8 85 0
8 88 1
9 4 0
9 9 4
9 23 4
9 45 0
9 77 4
9 82 4
9 93 1
10 44 2
10 54 4
10 58 3
10 73 2
10 75 2
10 77 2
11 3 4
11 9 0
11 11 0
11 15 1
11 30 0
11 46 1
11 79 1
11 83 3
11 90 4
11 95 2
12 1 1
12 12 1
12 30 4
12 32 4
12 33 3
12 41 2
12 48 2
12 94 2
12 95 2
13 2 4
13 3 4
13 8 2
13 45 0
13 54 1
13 64 4
13 73 2
13 78 0
13 93 4
14 0 0
14 16 4
14 32 2
14 51 1
14 54 2
14 56 0
14 63 1
14 71 2
14 72 2
14 90 4
14 96 1
15 15 2
15 19 4
15 57 4
15 65 0
15 68 2
15 89 0
16 11 2
16 13 1
16 18 4
16 22 1
16 25 1
16 26 3
16 40 1
16 55 0
16 63 1
16 66 3
16 69 3
16 78 2
16 82 2
17 18 0
17 21 4
17 27 3
17 28 0
17 29 4
17 35 1
17 37 4
17 41 3
17 43 1
17 44 2
17 55 4
17 59 4
17 61 2
17 63 4
17 74 2
17 86 4
17 89 2
18 2 2
18 7 2
18 61 3
18 72 0
18 73 4
18 75 1
18 80 0
18 81 0
18 95 0
19 7 2
19 16 0
19 36 0
19 37 1
19 39 4
19 60 0
19 69 3
19 74 2
19 81 2
19 89 4
20 17 4
20 23 4
20 24 0
20 37 1
20 38 3
20 44 4
20 46 1
20 51 4
20 60 4
20 68 3
20 74 4
20 91 2
20 92 3
21 2 4
21 41 1
21 46 1
21 57 1
21 78 3
21 87 3
21 94 4
22 7 3
22 10 3
22 25 1
22 29 3
22 49 0
22 54 0
22 78 2
22 90 0
22 98 0
23 12 4
23 25 1
23 49 1
23 57 4
23 62 2
23 68 3
23 69 4
23 72 2
23 73 3
23 78 1
23 80 0
23 87 3
24 5 2
24 11 2
24 29 2
24 41 0
24 62 2
24 64 0
24 85 3
25 0 2
25 1 1
25 23 2
25 24 0
25 33 4
25 49 3
25 50 1
25 58 3
25 63 4
25 65 2
25 67 4
25 73 1
25 74 4
25 79 0
25 89 2
25 95 3
26 7 3
26 21 0
26 34 3
26 35 1
26 36 4
26 71 4
26 93 3
26 96 3
27 6 3
27 14 2
27 24 4
27 26 3
27 28 1
27 81 4
27 90 2
27 97 0
28 1 0
28 3 0
28 13 1
28 22 0
28 46 4
28 51 0
28 55 1
28 59 4
28 86 1
28 92 0
29 5 4
29 17 1
29 27 0
29 38 3
29 42 2
29 44 2
29 46 2
29 55 0
29 64 0
29 65 1
29 66 4
30 4 1
30 8 2
30 13 2
30 25 0
30 29 2
30 42 1
30 45 1
30 51 2
30 59 1
30 60 1
30 76 2
30 81 3
30 88 3
30 94 2
31 3 4
31 36 2
31 37 3
31 43 4
31 48 1
31 49 0
31 64 3
31 72 3
31 77 3
31 78 1
32 15 3
32 33 4
32 60 1
32 74 4
32 85 0
32 91 2
32 99 1
33 23 2
33 46 0
33 53 0
33 55 2
33 76 4
34 10 2
34 32 3
34 35 1
34 49 2
34 58 4
34 59 0
34 78 3
35 13 4
35 14 2
35 15 3
35 26 4
35 30 2
35 31 1
35 39 4
35 57 2
35 81 0
35 83 1
35 89 3
35 94 4
36 7 0
36 24 1
36 40 0
36 48 2
36 56 3
36 64 0
36 79 0
36 84 1
37 15 2
37 24 3
37 27 4
37 31 0
37 33 4
37 35 3
37 53 4
37 58 1
37 83 1
37 91 2
38 3 1
38 19 4
38 33 3
38 47 4
38 51 1
38 62 1
38 64 1
38 88 3
38 92 3
39 34 3
39 39 2
39 52 3
39 57 2
39 60 1
39 65 4
40 4 2
40 13 1
40 27 0
40 30 3
40 47 0
40 65 0
40 77 2
40 88 2
40 89 2
40 90 0
41 4 1
41 8 3
41 11 4
41 47 2
41 69 3
41 70 2
41 73 4
41 79 3
41 85 0
41 92 0
41 94 2
42 22 4
42 32 3
42 39 1
42 42 0
42 69 1
42 83 3
42 98 1
42 99 2
43 0 2
43 1 0
43 2 1
43 5 4
43 9 4
43 46 0
43 47 0
43 49 3
43 50 1
43 72 0
43 84 2
43 86 2
43 87 0
43 91 4
44 5 0
44 20 3
44 23 2
44 27 3
44 31 1
44 39 3
44 54 2
44 56 0
44 67 4
44 77 3
44 83 2
44 92 1
45 4 0
45 16 3
45 26 4
45 30 3
45 38 3
45 49 1
45 53 3
45 63 2
45 91 3
46 2 1
46 8 2
46 19 3
46 38 2
46 48 0
46 56 3
46 60 0
46 75 1
46 78 1
46 79 2
46 84 4
46 89 3
46 92 4
46 95 4
47 7 3
47 17 1
47 20 4
47 37 4
47 46 1
47 47 0
47 48 3
47 52 4
47 53 3
47 80 3
47 97 1
48 3 0
48 47 2
48 57 4
48 76 1
48 93 4
49 4 4
49 17 1
49 19 2
49 26 4
49 30 4
49 31 4
49 34 2
49 37 3
49 57 4
49 64 4
49 98 0
49 99 2
50 9 4
50 10 2
50 22 4
50 28 4
50 34 2
50 39 3
50 66 0
50 72 3
50 97 3
50 99 1
51 6 3
51 7 0
51 28 1
51 33 3
51 40 2
51 50 3
51 51 4
51 52 3
51 71 0
51 76 4
51 85 2
51 86 2
51 96 0
52 3 3
52 8 0
52 13 2
52 63 3
52 68 1
52 95 3
53 4 4
53 7 4
53 16 2
53 17 3
53 22 0
53 28 3
53 30 3
53 36 2
53 54 1
53 63 0
53 65 4
53 87 0
53 97 0
54 3 2
54 21 0
54 22 3
54 43 0
54 45 4
54 66 2
54 74 0
54 95 0
55 2 1
55 31 2
55 54 1
55 66 3
55 86 1
55 96 0
55 99 0
56 20 0
56 23 0
56 31 4
56 32 1
56 49 4
56 56 3
56 62 4
56 65 3
56 94 3
56 99 3
57 0 2
57 2 2
57 24 4
57 27 4
57 28 2
57 31 1
57 39 4
57 47 1
57 50 3
57 58 0
57 59 0
57 60 4
57 71 2
57 80 3
57 83 2
58 10 1
58 22 1
58 41 3
58 42 4
58 45 3
58 46 0
58 67 3
58 84 3
58 89 4
59 5 1
59 9 0
59 12 3
59 14 2
59 28 3
59 34 1
59 37 4
59 53 2
59 66 2
59 70 1
59 83 3
59 84 1
60 6 4
60 14 3
60 18 1
60 36 1
60 88 4
60 97 3
61 18 4
61 19 3
61 21 2
61 31 1
61 32 0
61 33 3
61 35 3
61 38 2
61 62 0
61 66 3
61 67 2
61 74 1
61 75 4
61 77 3
61 93 1
61 97 4
62 3 3
62 4 3
62 6 2
62 14 0
62 23 4
62 24 1
62 39 4
62 56 4
62 69 0
62 71 4
62 76 4
62 85 1
62 98 0
63 0 2
63 11 1
63 17 2
63 25 2
63 28 2
63 38 0
63 42 1
63 44 1
63 56 2
63 73 0
63 84 3
63 98 3
64 1 0
64 4 2
64 17 4
64 21 3
64 25 4
64 42 1
64 58 4
64 60 4
64 62 4
64 63 3
64 64 4
64 69 4
64 82 0
64 87 4
64 91 1
64 96 2
65 45 4
65 53 2
65 67 1
65 68 3
65 73 1
65 81 1
65 84 1
65 85 1
65 87 2
66 0 2
66 9 1
66 18 4
66 36 1
66 37 0
66 42 2
66 85 3
67 15 0
67 61 0
67 64 0
67 70 4
67 73 2
67 74 0
67 98 3
68 9 2
68 14 0
68 19 1
68 30 3
68 34 4
68 35 2
68 60 1
68 62 0
68 77 1
68 83 0
68 91 2
68 97 3
69 3 3
69 6 4
69 22 1
69 24 0
69 29 2
69 41 4
69 52 2
69 66 0
69 70 3
69 86 0
69 98 3
70 38 0
70 40 4
70 41 1
70 43 3
70 48 0
70 50 3
70 51 2
70 62 2
70 79 1
70 86 2
70 87 4
71 1 2
71 12 0
71 17 2
71 20 3
71 35 2
71 36 2
71 59 1
71 73 2
71 92 1
72 0 0
72 12 0
72 14 3
72 34 0
72 42 1
72 53 1
72 56 0
72 75 0
72 88 3
72 90 1
73 5 1
73 9 3
73 18 2
73 33 2
73 53 4
73 65 0
73 70 3
73 86 0
74 8 4
74 13 0
74 16 2
74 21 1
74 59 1
74 87 3
75 9 2
75 36 0
75 40 0
75 48 0
75 50 2
75 61 1
75 70 4
75 83 1
75 85 2
75 99 3
76 5 3
76 10 0
76 15 2
76 27 2
76 39 2
76 52 0
76 92 3
76 93 4
76 94 4
77 20 4
77 34 4
77 52 2
77 79 3
78 19 0
78 29 4
78 32 2
78 42 0
78 53 2
78 54 4
78 57 2
78 69 0
78 76 0
78 96 3
78 99 3
79 5 4
79 27 2
79 34 3
79 37 1
79 48 2
79 71 2
79 76 1
79 80 4
80 12 0
80 25 4
80 40 2
80 80 1
80 93 1
81 6 2
81 13 2
81 18 2
81 29 2
81 52 3
81 59 3
81 74 0
81 76 2
81 79 4
81 87 1
82 1 0
82 14 2
82 25 2
82 34 1
82 44 1
82 47 4
82 49 0
82 58 0
82 67 0
82 68 4
82 81 4
82 91 4
82 92 2
82 93 3
82 96 2
83 16 4
83 20 2
83 29 4
83 43 1
83 51 3
83 68 3
83 71 1
83 96 3
84 6 0
84 16 3
84 17 4
84 30 0
84 35 1
84 41 1
84 43 3
84 50 3
84 51 0
84 52 0
84 55 3
84 57 3
84 90 2
85 8 4
85 10 2
85 12 2
85 45 4
85 52 1
85 56 3
85 60 4
85 62 4
85 67 3
85 72 1
85 82 2
85 87 2
85 88 1
86 21 4
86 23 3
86 27 0
86 44 2
86 59 3
86 61 1
86 63 1
86 80 4
86 84 2
87 5 1
87 16 2
87 20 0
87 54 1
87 57 2
87 63 2
87 72 3
87 77 3
87 81 1
87 95 4
88 13 1
88 16 0
88 18 3
88 21 4
89 0 2
89 11 2
89 18 4
89 19 2
89 25 0
89 39 2
89 40 0
89 78 2
90 1 3
90 6 3
90 8 4
90 20 4
90 43 1
90 45 4
90 55 4
90 68 4
90 70 1
90 75 1
90 82 2
90 91 0
91 29 3
91 38 4
91 41 2
91 59 0
91 67 2
91 71 0
91 75 3
91 90 3
91 96 1
91 99 2
92 1 1
92 8 3
92 17 3
92 19 3
92 26 1
92 37 3
92 40 2
92 51 0
92 90 2
93 0 0
93 2 0
93 12 4
93 18 1
93 26 2
93 45 2
93 50 2
93 65 2
93 68 4
93 74 2
93 88 0
94 10 4
94 22 0
94 41 1
94 45 1
94 48 0
94 61 1
94 69 3
94 82 0
94 91 0
94 96 2
95 10 0
95 15 4
95 16 2
95 24 2
95 40 0
95 56 2
95 64 3
95 82 0
96 2 1
96 11 2
96 15 3
96 31 2
96 58 1
96 71 2
96 79 3
96 92 2
96 93 2
97 11 4
97 12 2
97 20 1
97 28 1
97 47 3
97 58 3
97 76 2
97 77 4
97 78 4
97 82 2
97 84 0
97 89 0
97 98 4
98 11 0
98 12 2
98 20 3
98 35 0
98 47 2
98 50 0
98 62 0
98 77 0
98 86 1
98 89 4
98 94 2
99 27 0
99 32 3
99 36 2
99 55 2
99 70 2
99 71 1
99 85 4
99 94 4
99 97 2
