100
100
3000 3000 3000 3000 3000 3000 3000 3000 3000 3000 3000 3000 3000 3000 3000 3000 3000 3000 3000 3000 3000 3000 3000 3000 3000 3000 3000 3000 3000 3000 3000 3000 3000 3000 3000 3000 3000 3000 3000 3000 3000 3000 3000 3000 3000 3000 3000 3000 3000 3000 3000 3000 3000 3000 3000 3000 3000 3000 3000 3000 3000 3000 3000 3000 3000 3000 3000 3000 3000 3000 3000 3000 3000 3000 3000 3000 3000 3000 3000 3000 3000 3000 3000 3000 3000 3000 3000 3000 3000 3000 3000 3000 3000 3000 3000 3000 3000 3000 3000 3000
0 3 4
0 20 1
0 42 4
0 55 3
0 62 0
0 72 0
0 80 4
0 83 1
0 93 4
0 99 1
1 4 2
1 6 4
1 31 4
1 33 0
1 45 2
1 73 1
1 77 2
1 78 3
1 86 1
1 98 1
2 11 1
2 12 2
2 18 3
2 28 0
2 48 1
2 53 3
2 61 3
2 67 1
2 70 1
2 97 2
3 2 4
3 15 4
3 38 4
3 44 4
3 65 4
3 67 2
3 68 3
3 77 2
3 80 3
3 87 0
4 8 2
4 20 2
4 38 3
4 67 0
4 70 0
4 78 2
4 87 2
4 91 4
4 92 1
4 99 0
5 14 2
5 18 0
5 27 4
5 34 2
5 38 4
5 42 0
5 44 2
5 73 3
5 76 1
5 90 3
6 2 1
6 14 0
6 32 0
6 69 4
6 71 3
6 72 2
6 78 1
6 80 4
6 81 3
6 82 3
7 10 1
7 24 3
7 30 1
7 51 1
7 54 2
7 64 4
7 74 1
7 75 4
7 82 2
7 84 2
8 11 2
8 13 1
8 14 0
8 18 3
8 35 2
8 49 1
8 56 0
8 63 4
8 84 3
8 90 0
9 3 2
9 12 1
9 17 0
9 25 1
9 26 0
9 43 1
9 58 2
9 65 4
9 85 2
9 91 2
10 6 2
10 10 3
10 15 0
10 20 3
10 25 4
10 51 3
10 54 0
10 62 3
10 64 2
10 87 3
11 3 2
11 10 2
11 20 4
11 63 3
11 72 2
11 76 0
11 77 1
11 82 3
11 87 1
11 97 2
12 0 2
12 7 4
12 13 0
12 35 4
12 40 3
12 42 2
12 44 0
12 46 2
12 92 2
12 96 3
13 10 2
13 11 1
13 25 1
13 26 3
13 60 4
13 74 4
13 78 3
13 88 3
13 91 1
13 93 4
14 3 2
14 18 2
14 30 3
14 58 1
14 69 1
14 71 4
14 75 2
14 81 4
14 96 3
14 98 3
15 11 2
15 36 3
15 43 4
15 46 3
15 48 1
15 54 3
15 74 1
15 83 3
15 96 1
15 98 2
16 16 4
16 26 4
16 45 0
16 49 4
16 86 1
16 87 3
16 89 0
16 92 2
16 95 1
16 97 0
17 7 3
17 24 0
17 39 2
17 41 3
17 49 1
17 52 1
17 77 4
17 87 3
17 97 4
17 98 1
18 0 1
18 19 4
18 28 4
18 33 0
18 36 1
18 78 1
18 80 4
18 84 3
18 90 2
18 92 1
19 16 3
19 18 3
19 25 3
19 44 1
19 47 1
19 48 0
19 51 4
19 67 0
19 87 1
19 90 0
20 5 4
20 10 2
20 38 3
20 62 3
20 70 2
20 75 3
20 84 4
20 88 0
20 93 1
20 95 2
21 9 2
21 25 0
21 43 2
21 52 2
21 68 4
21 71 3
21 73 2
21 89 3
21 92 4
21 96 0
22 28 3
22 42 2
22 66 0
22 74 0
22 87 4
22 91 4
22 92 1
22 93 4
22 97 0
22 98 0
23 12 3
23 30 4
23 32 3
23 33 1
23 48 4
23 52 0
23 81 2
23 84 4
23 90 0
23 98 3
24 5 3
24 15 1
24 21 2
24 52 0
24 65 2
24 70 1
24 86 3
24 91 1
24 93 3
24 95 0
25 29 2
25 42 4
25 47 1
25 49 3
25 60 0
25 61 2
25 67 1
25 71 0
25 78 2
25 90 0
26 20 0
26 30 3
26 39 0
26 41 4
26 45 2
26 59 2
26 65 3
26 66 1
26 73 2
26 86 4
27 9 3
27 41 3
27 56 0
27 69 2
27 74 1
27 80 2
27 86 3
27 91 0
27 94 0
27 96 0
28 5 0
28 7 4
28 22 4
28 24 2
28 27 0
28 44 3
28 57 1
28 67 1
28 84 3
28 99 1
29 5 2
29 26 0
29 35 3
29 46 4
29 60 2
29 66 0
29 69 4
29 73 4
29 82 0
29 92 1
30 2 4
30 30 1
30 33 2
30 41 3
30 43 0
30 56 0
30 65 4
30 79 2
30 81 1
30 89 2
31 22 1
31 24 4
31 39 3
31 47 1
31 51 2
31 55 3
31 65 4
31 67 2
31 68 2
31 85 0
32 2 0
32 17 0
32 26 3
32 32 4
32 36 3
32 51 1
32 54 3
32 68 4
32 80 2
32 92 2
33 27 0
33 30 4
33 39 4
33 43 2
33 50 1
33 53 0
33 63 1
33 69 4
33 83 1
33 92 3
34 1 2
34 8 2
34 28 4
34 32 2
34 35 2
34 37 2
34 69 2
34 73 4
34 81 1
34 84 0
35 16 1
35 31 0
35 43 3
35 55 2
35 63 0
35 72 2
35 80 3
35 86 2
35 92 2
35 96 0
36 22 1
36 26 4
36 36 2
36 38 3
36 53 3
36 66 2
36 70 2
36 74 2
36 90 0
36 92 3
37 3 3
37 17 1
37 19 1
37 24 3
37 31 3
37 54 1
37 68 0
37 69 1
37 70 4
37 72 0
38 0 2
38 1 2
38 8 3
38 44 3
38 48 2
38 55 3
38 68 2
38 73 4
38 79 3
38 99 0
39 5 3
39 25 3
39 32 0
39 43 1
39 47 4
39 52 4
39 57 3
39 65 4
39 74 2
39 97 4
40 8 2
40 10 4
40 15 4
40 42 4
40 50 3
40 53 1
40 58 4
40 60 3
40 76 0
40 87 1
41 2 0
41 6 1
41 15 2
41 51 2
41 54 1
41 58 3
41 62 3
41 79 1
41 87 3
41 98 2
42 20 4
42 22 1
42 33 0
42 39 3
42 43 1
42 44 4
42 65 4
42 68 0
42 92 2
42 94 0
43 27 1
43 32 0
43 33 2
43 53 4
43 70 3
43 72 2
43 73 1
43 76 3
43 77 0
43 96 3
44 5 0
44 11 0
44 20 0
44 23 4
44 54 1
44 64 1
44 66 1
44 71 2
44 74 0
44 94 4
45 0 1
45 6 3
45 9 3
45 21 3
45 29 2
45 38 1
45 44 3
45 70 1
45 72 0
45 87 0
46 3 3
46 16 0
46 18 1
46 28 0
46 35 3
46 44 0
46 65 3
46 71 4
46 79 3
46 81 1
47 11 3
47 23 1
47 25 3
47 34 0
47 42 2
47 44 0
47 50 1
47 65 4
47 89 4
47 90 2
48 12 4
48 21 0
48 25 0
48 30 0
48 31 2
48 32 0
48 35 4
48 53 4
48 62 4
48 90 3
49 0 1
49 7 3
49 10 3
49 14 3
49 28 0
49 30 3
49 49 1
49 53 3
49 63 1
49 68 1
50 2 1
50 6 1
50 16 0
50 36 0
50 54 0
50 70 1
50 76 4
50 80 3
50 84 2
50 90 4
51 30 4
51 31 0
51 33 4
51 42 2
51 46 3
51 63 2
51 64 1
51 65 1
51 66 3
51 79 4
52 19 2
52 25 4
52 40 0
52 63 0
52 77 2
52 79 3
52 82 1
52 86 2
52 92 4
52 95 1
53 6 3
53 20 4
53 23 3
53 38 2
53 41 3
53 49 1
53 54 4
53 75 3
53 91 3
53 95 3
54 16 3
54 21 1
54 31 1
54 36 1
54 39 0
54 40 4
54 51 0
54 67 3
54 71 0
54 96 4
55 21 1
55 23 3
55 38 0
55 61 0
55 70 2
55 75 0
55 79 0
55 85 1
55 94 2
55 98 1
56 9 2
56 20 1
56 32 3
56 40 2
56 54 0
56 58 2
56 70 3
56 73 4
56 84 2
56 92 2
57 6 0
57 9 3
57 15 4
57 28 0
57 43 3
57 44 1
57 53 1
57 67 1
57 75 0
57 88 0
58 3 0
58 6 3
58 16 2
58 19 3
58 25 2
58 34 3
58 49 4
58 52 2
58 62 2
58 79 2
59 10 2
59 16 0
59 31 2
59 34 3
59 36 3
59 45 4
59 56 0
59 73 3
59 75 2
59 93 3
60 2 3
60 18 3
60 42 2
60 46 2
60 58 4
60 59 0
60 61 3
60 95 1
60 96 1
60 99 3
61 1 2
61 19 2
61 22 0
61 38 4
61 49 1
61 68 0
61 73 4
61 74 1
61 82 0
61 97 0
62 2 4
62 12 3
62 23 0
62 24 2
62 28 3
62 44 1
62 54 0
62 59 0
62 76 0
62 86 1
63 14 4
63 19 2
63 21 3
63 36 0
63 60 3
63 79 2
63 81 3
63 88 0
63 92 3
63 99 1
64 1 3
64 10 4
64 12 3
64 27 2
64 34 1
64 36 3
64 48 3
64 80 0
64 87 3
64 91 0
65 17 0
65 34 1
65 37 2
65 51 2
65 52 2
65 57 0
65 64 1
65 76 3
65 82 0
65 87 1
66 18 0
66 22 0
66 30 0
66 35 0
66 40 1
66 45 1
66 58 1
66 72 0
66 79 2
66 99 0
67 7 1
67 12 1
67 28 4
67 60 2
67 62 1
67 69 4
67 77 0
67 82 1
67 94 1
67 95 4
68 1 2
68 18 0
68 34 1
68 35 2
68 42 2
68 57 3
68 59 0
68 72 0
68 86 1
68 96 4
69 8 2
69 12 3
69 19 2
69 20 1
69 29 4
69 38 4
69 43 1
69 53 1
69 71 2
69 98 4
70 11 3
70 14 4
70 28 4
70 32 2
70 44 2
70 45 0
70 55 1
70 61 1
70 68 1
70 83 2
71 9 1
71 12 3
71 16 4
71 30 1
71 37 2
71 47 4
71 53 2
71 55 3
71 85 4
71 89 4
72 5 3
72 36 0
72 60 2
72 61 4
72 68 2
72 69 3
72 71 3
72 74 4
72 75 4
72 98 1
73 2 4
73 9 2
73 27 3
73 30 3
73 32 1
73 64 2
73 65 1
73 89 1
73 91 4
73 99 2
74 18 2
74 21 0
74 23 4
74 55 3
74 56 0
74 57 1
74 64 1
74 86 4
74 90 2
74 91 1
75 5 0
75 19 1
75 37 1
75 42 2
75 55 4
75 61 0
75 67 1
75 73 1
75 84 0
75 93 0
76 1 2
76 7 3
76 12 1
76 19 4
76 34 4
76 53 1
76 87 4
76 88 4
76 89 4
76 99 1
77 15 3
77 18 2
77 21 1
77 27 2
77 29 4
77 31 3
77 58 4
77 59 4
77 62 2
77 71 0
78 0 0
78 1 1
78 26 3
78 29 0
78 34 0
78 38 4
78 48 4
78 73 3
78 84 3
78 98 1
79 6 3
79 11 4
79 33 2
79 54 4
79 74 3
79 90 0
79 92 0
79 93 1
79 96 1
79 97 0
80 0 4
80 3 1
80 28 1
80 37 4
80 41 0
80 52 2
80 54 0
80 86 1
80 93 0
80 98 3
81 35 4
81 39 4
81 47 2
81 54 4
81 61 3
81 66 3
81 69 2
81 75 1
81 80 0
81 98 1
82 4 3
82 30 0
82 31 3
82 32 0
82 35 1
82 44 0
82 50 0
82 66 2
82 68 2
82 96 0
83 15 4
83 17 1
83 21 2
83 40 1
83 47 2
83 56 0
83 84 1
83 91 4
83 96 1
83 98 2
84 1 3
84 2 3
84 7 0
84 15 1
84 23 0
84 38 4
84 44 2
84 49 1
84 59 4
84 92 2
85 12 3
85 21 0
85 28 3
85 32 1
85 48 0
85 52 2
85 64 2
85 74 2
85 89 4
85 99 3
86 4 2
86 6 0
86 16 4
86 19 3
86 42 1
86 44 3
86 53 1
86 56 4
86 85 2
86 91 2
87 15 0
87 57 2
87 66 3
87 69 0
87 72 1
87 75 4
87 84 4
87 85 3
87 88 4
87 95 2
88 30 0
88 32 4
88 33 0
88 40 0
88 49 3
88 50 4
88 72 4
88 75 1
88 84 1
88 99 4
89 4 4
89 9 2
89 15 2
89 23 4
89 43 3
89 49 4
89 53 1
89 57 0
89 69 3
89 89 0
90 4 0
90 6 4
90 10 4
90 11 4
90 23 0
90 48 0
90 74 4
90 77 0
90 82 0
90 90 0
91 2 4
91 10 4
91 13 1
91 28 0
91 44 3
91 71 1
91 76 2
91 83 1
91 89 2
91 95 4
92 12 2
92 26 0
92 28 0
92 32 0
92 33 2
92 45 1
92 62 0
92 83 0
92 86 0
92 96 4
93 11 4
93 26 0
93 32 0
93 37 1
93 45 2
93 55 4
93 59 2
93 67 1
93 76 4
93 81 0
94 15 3
94 28 1
94 32 0
94 49 2
94 50 1
94 59 2
94 73 1
94 89 4
94 95 0
94 96 3
95 13 2
95 27 2
95 53 0
95 54 1
95 57 0
95 59 1
95 68 0
95 70 0
95 77 4
95 79 2
96 2 1
96 3 3
96 31 1
96 45 0
96 62 0
96 67 2
96 81 4
96 93 2
96 94 3
96 97 3
97 4 3
97 6 3
97 16 1
97 42 0
97 45 0
97 50 2
97 81 0
97 82 3
97 91 0
97 98 4
98 5 4
98 16 4
98 23 4
98 31 3
98 50 1
98 75 0
98 79 0
98 89 0
98 90 0
98 96 2
99 20 0
99 21 3
99 23 3
99 24 4
99 36 1
99 61 1
99 64 3
99 69 2
99 70 1
99 86 3
