100
100
3000 3000 3000 3000 3000 3000 3000 3000 3000 3000 3000 3000 3000 3000 3000 3000 3000 3000 3000 3000 3000 3000 3000 3000 3000 3000 3000 3000 3000 3000 3000 3000 3000 3000 3000 3000 3000 3000 3000 3000 3000 3000 3000 3000 3000 3000 3000 3000 3000 3000 3000 3000 3000 3000 3000 3000 3000 3000 3000 3000 3000 3000 3000 3000 3000 3000 3000 3000 3000 3000 3000 3000 3000 3000 3000 3000 3000 3000 3000 3000 3000 3000 3000 3000 3000 3000 3000 3000 3000 3000 3000 3000 3000 3000 3000 3000 3000 3000 3000 3000
0 6 1
0 8 3
0 46 2
0 48 4
0 57 2
0 63 2
0 69 3
0 72 1
0 85 1
0 94 0
1 17 1
1 22 3
1 24 1
1 25 2
1 27 3
1 50 0
1 51 4
1 68 0
1 69 2
1 84 4
2 29 3
2 45 1
2 49 4
2 51 0
2 59 3
2 70 1
2 76 2
2 84 3
2 90 3
2 94 2
3 0 0
3 8 2
3 13 2
3 42 0
3 60 1
3 61 0
3 66 4
3 67 2
3 91 2
3 95 0
4 4 2
4 6 3
4 16 1
4 42 3
4 66 1
4 71 1
4 77 3
4 82 3
4 91 2
4 92 4
5 10 1
5 22 0
5 51 4
5 54 4
5 64 1
5 67 2
5 68 1
5 74 3
5 87 2
5 93 2
6 0 2
6 2 3
6 13 1
6 22 3
6 37 3
6 52 2
6 65 0
6 74 1
6 77 3
6 83 0
7 15 4
7 19 4
7 20 2
7 34 2
7 50 4
7 60 2
7 89 1
7 93 2
7 95 3
7 99 4
8 7 0
8 19 0
8 31 3
8 35 3
8 50 3
8 51 4
8 68 0
8 90 4
8 91 3
8 94 3
9 19 2
9 34 3
9 40 0
9 59 0
9 64 1
9 77 4
9 82 0
9 84 1
9 89 4
9 92 0
10 0 1
10 11 1
10 13 0
10 14 3
10 27 1
10 33 4
10 51 2
10 58 3
10 79 3
10 87 4
11 19 1
11 22 2
11 42 0
11 44 2
11 45 1
11 46 2
11 53 0
11 70 2
11 88 2
11 95 1
12 22 4
12 27 0
12 36 0
12 37 3
12 41 3
12 46 0
12 60 1
12 69 1
12 77 3
12 87 0
13 1 3
13 9 1
13 19 0
13 25 3
13 34 3
13 40 0
13 69 2
13 78 4
13 84 4
13 98 1
14 11 1
14 17 0
14 28 4
14 31 2
14 32 4
14 33 2
14 56 0
14 59 3
14 86 1
14 98 1
15 9 4
15 23 4
15 26 2
15 36 1
15 37 3
15 43 1
15 63 3
15 83 2
15 84 1
15 86 1
16 9 3
16 14 4
16 17 0
16 25 3
16 54 1
16 58 4
16 66 0
16 89 2
16 90 1
16 99 0
17 13 3
17 22 2
17 25 2
17 27 4
17 31 4
17 32 1
17 38 3
17 89 2
17 92 0
17 97 1
18 4 3
18 38 0
18 44 2
18 45 3
18 71 1
18 73 1
18 77 0
18 82 1
18 94 4
18 99 1
19 10 0
19 15 4
19 33 1
19 40 1
19 43 2
19 54 4
19 56 2
19 58 0
19 86 1
19 92 1
20 0 1
20 1 1
20 26 4
20 29 3
20 43 3
20 54 1
20 61 4
20 69 1
20 76 0
20 84 4
21 6 2
21 28 1
21 37 3
21 47 3
21 52 1
21 69 2
21 73 2
21 74 4
21 94 2
21 99 0
22 13 4
22 16 4
22 24 1
22 35 1
22 37 3
22 49 0
22 50 2
22 57 0
22 80 2
22 97 0
23 16 4
23 35 3
23 39 0
23 42 4
23 43 3
23 53 2
23 57 1
23 63 2
23 97 3
23 98 4
24 6 3
24 10 1
24 17 0
24 22 3
24 32 2
24 64 1
24 68 3
24 75 1
24 80 0
24 88 4
25 3 1
25 6 1
25 13 3
25 27 2
25 42 0
25 49 4
25 63 1
25 79 4
25 94 0
25 95 3
26 8 2
26 10 4
26 18 2
26 23 0
26 46 1
26 50 4
26 73 0
26 82 4
26 84 3
26 94 0
27 2 0
27 41 3
27 43 3
27 50 4
27 53 3
27 58 1
27 66 4
27 74 4
27 84 2
27 97 4
28 0 3
28 1 4
28 9 0
28 10 4
28 25 2
28 39 2
28 59 3
28 61 3
28 90 3
28 92 0
29 1 4
29 29 3
29 36 0
29 50 3
29 51 0
29 67 4
29 74 3
29 75 2
29 78 1
29 88 0
30 8 1
30 10 3
30 31 0
30 33 0
30 50 2
30 56 0
30 66 4
30 71 0
30 73 1
30 98 3
31 7 4
31 15 1
31 19 2
31 31 1
31 46 0
31 61 1
31 62 0
31 74 1
31 75 4
31 93 1
32 4 4
32 8 0
32 28 0
32 42 0
32 60 2
32 64 1
32 68 1
32 88 1
32 89 4
32 97 1
33 0 2
33 9 4
33 16 0
33 34 4
33 36 0
33 43 1
33 44 2
33 70 1
33 75 0
33 83 0
34 11 4
34 14 3
34 17 0
34 22 2
34 28 2
34 37 3
34 53 3
34 69 2
34 77 4
34 87 3
35 2 1
35 9 4
35 13 3
35 49 2
35 52 3
35 59 4
35 64 1
35 65 2
35 93 0
35 97 3
36 6 1
36 14 2
36 38 4
36 45 4
36 49 4
36 55 2
36 65 0
36 72 1
36 78 4
36 93 3
37 13 2
37 27 4
37 29 3
37 32 0
37 33 2
37 56 4
37 64 1
37 78 4
37 91 3
37 96 3
38 13 0
38 19 2
38 22 2
38 33 2
38 35 4
38 56 2
38 57 1
38 75 2
38 84 1
38 87 1
39 9 0
39 16 4
39 47 2
39 51 3
39 52 2
39 61 0
39 76 4
39 78 0
39 87 1
39 98 0
40 2 4
40 30 3
40 36 1
40 50 0
40 55 3
40 62 4
40 74 0
40 89 2
40 91 0
40 99 0
41 12 3
41 13 2
41 16 2
41 22 2
41 59 1
41 64 3
41 76 2
41 83 0
41 93 3
41 96 3
42 12 2
42 27 3
42 32 2
42 40 0
42 60 0
42 61 4
42 70 3
42 73 3
42 82 2
42 89 0
43 19 0
43 29 2
43 39 1
43 42 0
43 45 4
43 46 3
43 52 3
43 53 1
43 61 2
43 92 3
44 11 0
44 12 0
44 43 4
44 47 2
44 50 1
44 53 3
44 55 0
44 87 2
44 92 2
44 96 1
45 0 2
45 23 0
45 33 2
45 42 1
45 44 1
45 45 4
45 48 2
45 59 0
45 72 3
45 75 0
46 2 3
46 22 1
46 27 0
46 32 3
46 62 1
46 65 2
46 66 2
46 72 3
46 80 2
46 93 4
47 1 2
47 9 0
47 22 4
47 40 3
47 42 2
47 66 3
47 75 0
47 76 3
47 79 1
47 84 1
48 9 2
48 20 0
48 38 1
48 46 3
48 51 4
48 53 2
48 56 2
48 57 4
48 90 2
48 94 4
49 13 1
49 19 4
49 22 2
49 33 0
49 35 2
49 69 4
49 75 3
49 76 3
49 81 0
49 83 4
50 10 2
50 13 0
50 54 4
50 55 0
50 56 3
50 64 0
50 67 3
50 74 4
50 78 4
50 88 1
51 8 2
51 23 1
51 53 3
51 66 3
51 67 2
51 77 4
51 78 3
51 82 3
51 84 1
51 86 0
52 14 3
52 27 0
52 32 0
52 42 3
52 46 3
52 50 1
52 67 0
52 88 2
52 91 2
52 92 3
53 3 0
53 4 0
53 7 1
53 28 1
53 34 0
53 77 2
53 81 0
53 88 1
53 92 0
53 94 4
54 2 1
54 17 2
54 21 0
54 24 1
54 25 0
54 28 1
54 44 2
54 46 1
54 64 3
54 87 0
55 8 1
55 12 2
55 20 2
55 67 4
55 68 2
55 70 3
55 77 0
55 87 1
55 92 1
55 98 1
56 3 0
56 6 0
56 42 4
56 44 0
56 48 0
56 49 1
56 59 1
56 71 3
56 72 1
56 86 4
57 3 3
57 8 4
57 26 2
57 64 4
57 65 4
57 66 0
57 69 2
57 73 3
57 92 4
57 97 4
58 15 4
58 25 2
58 35 1
58 43 4
58 49 0
58 51 4
58 58 2
58 86 4
58 87 0
58 89 3
59 26 0
59 32 0
59 37 3
59 40 4
59 46 0
59 53 2
59 55 0
59 73 4
59 86 3
59 97 4
60 0 2
60 7 3
60 10 3
60 12 0
60 25 1
60 49 3
60 72 3
60 87 1
60 90 4
60 94 1
61 0 4
61 8 1
61 17 3
61 46 1
61 57 2
61 63 4
61 65 1
61 68 1
61 74 4
61 96 1
62 9 1
62 14 3
62 22 4
62 30 4
62 40 0
62 52 1
62 60 1
62 72 3
62 78 1
62 79 0
63 2 1
63 33 0
63 34 0
63 41 2
63 45 2
63 46 4
63 74 1
63 81 4
63 91 4
63 97 3
64 11 0
64 14 0
64 23 3
64 34 3
64 41 0
64 49 1
64 52 2
64 54 2
64 62 0
64 80 4
65 8 1
65 17 4
65 36 4
65 42 2
65 46 2
65 64 1
65 65 3
65 82 3
65 87 2
65 97 4
66 10 1
66 14 2
66 52 4
66 56 1
66 60 2
66 67 2
66 74 2
66 83 3
66 94 0
66 96 0
67 26 3
67 45 3
67 50 1
67 61 4
67 67 4
67 75 0
67 77 1
67 79 0
67 83 2
67 97 0
68 2 2
68 25 3
68 26 0
68 29 0
68 50 0
68 53 1
68 58 0
68 65 3
68 68 3
68 71 0
69 23 2
69 36 0
69 48 0
69 55 2
69 67 2
69 72 4
69 76 2
69 82 1
69 91 4
69 98 2
70 2 3
70 10 1
70 14 0
70 17 4
70 18 2
70 20 0
70 33 1
70 61 2
70 75 4
70 87 2
71 18 1
71 28 4
71 54 1
71 55 1
71 56 2
71 70 4
71 74 3
71 76 0
71 81 4
71 87 1
72 2 1
72 4 1
72 5 2
72 29 1
72 35 4
72 48 3
72 53 1
72 80 3
72 84 3
72 87 0
73 8 3
73 14 0
73 22 4
73 42 4
73 45 2
73 52 1
73 56 4
73 80 2
73 88 4
73 91 4
74 7 3
74 41 2
74 58 2
74 60 1
74 65 2
74 71 3
74 80 4
74 84 2
74 86 3
74 94 1
75 12 1
75 14 1
75 19 1
75 26 4
75 28 2
75 57 3
75 73 1
75 78 3
75 91 0
75 92 4
76 1 3
76 2 0
76 3 2
76 25 3
76 36 4
76 38 1
76 59 1
76 82 2
76 87 1
76 97 2
77 3 0
77 16 1
77 20 4
77 23 0
77 24 3
77 28 2
77 48 4
77 52 4
77 55 2
77 95 3
78 4 0
78 23 2
78 28 3
78 30 0
78 36 3
78 38 2
78 59 2
78 61 4
78 69 2
78 88 4
79 2 4
79 6 3
79 21 1
79 34 4
79 36 1
79 41 2
79 55 1
79 71 0
79 74 1
79 81 3
80 25 3
80 32 3
80 44 2
80 55 2
80 59 4
80 66 1
80 74 0
80 75 3
80 78 4
80 95 1
81 9 0
81 32 0
81 33 3
81 35 4
81 51 2
81 54 0
81 57 2
81 62 4
81 77 2
81 80 0
82 9 0
82 11 0
82 20 3
82 29 0
82 35 4
82 43 3
82 78 1
82 84 0
82 89 2
82 95 0
83 19 1
83 32 3
83 54 3
83 59 3
83 67 2
83 71 1
83 73 1
83 75 1
83 76 0
83 91 3
84 17 4
84 23 2
84 30 1
84 33 1
84 36 1
84 43 0
84 47 1
84 64 0
84 75 1
84 92 1
85 3 0
85 8 0
85 26 3
85 33 2
85 40 0
85 59 0
85 63 1
85 72 3
85 73 2
85 76 2
86 6 3
86 9 1
86 16 1
86 18 3
86 36 1
86 40 0
86 41 0
86 62 2
86 81 0
86 96 2
87 1 3
87 10 2
87 27 0
87 37 3
87 49 2
87 60 1
87 73 0
87 84 0
87 86 3
87 91 4
88 15 1
88 27 1
88 30 1
88 49 0
88 73 0
88 78 3
88 83 1
88 92 2
88 94 0
88 97 0
89 22 1
89 26 2
89 30 0
89 40 2
89 58 3
89 66 4
89 69 2
89 75 2
89 82 2
89 95 0
90 32 2
90 41 4
90 50 1
90 53 1
90 57 0
90 73 3
90 78 0
90 82 3
90 89 3
90 93 2
91 3 4
91 15 0
91 24 2
91 30 4
91 34 3
91 43 2
91 45 3
91 62 2
91 70 2
91 79 0
92 0 2
92 11 0
92 23 0
92 30 2
92 49 2
92 54 1
92 58 4
92 61 4
92 64 4
92 84 2
93 1 2
93 16 0
93 36 4
93 55 1
93 58 4
93 77 2
93 80 0
93 85 1
93 88 1
93 98 0
94 5 4
94 22 4
94 31 1
94 34 2
94 42 4
94 51 1
94 70 1
94 82 1
94 93 1
94 99 3
95 8 4
95 9 1
95 11 1
95 29 3
95 39 1
95 47 3
95 48 3
95 67 4
95 74 3
95 75 2
96 2 0
96 4 1
96 8 4
96 9 3
96 17 3
96 28 2
96 33 1
96 50 4
96 77 0
96 92 2
97 3 0
97 8 3
97 25 0
97 37 2
97 56 1
97 68 1
97 69 3
97 70 4
97 89 0
97 91 3
98 0 1
98 2 4
98 7 4
98 20 4
98 28 3
98 35 2
98 44 0
98 50 1
98 76 3
98 96 3
99 12 4
99 16 4
99 18 2
99 26 0
99 27 0
99 36 1
99 49 3
99 61 1
99 69 3
99 80 2
