100
100
3000 3000 3000 3000 3000 3000 3000 3000 3000 3000 3000 3000 3000 3000 3000 3000 3000 3000 3000 3000 3000 3000 3000 3000 3000 3000 3000 3000 3000 3000 3000 3000 3000 3000 3000 3000 3000 3000 3000 3000 3000 3000 3000 3000 3000 3000 3000 3000 3000 3000 3000 3000 3000 3000 3000 3000 3000 3000 3000 3000 3000 3000 3000 3000 3000 3000 3000 3000 3000 3000 3000 3000 3000 3000 3000 3000 3000 3000 3000 3000 3000 3000 3000 3000 3000 3000 3000 3000 3000 3000 3000 3000 3000 3000 3000 3000 3000 3000 3000 3000
0 4 1
0 5 1
0 19 2
0 31 0
0 36 1
0 51 4
0 54 1
0 67 0
0 81 4
0 96 4
1 1 1
1 3 0
1 5 4
1 30 2
1 31 0
1 35 4
1 45 1
1 50 2
1 74 0
1 77 3
1 82 1
1 91 2
2 3 0
2 5 1
2 8 0
2 20 3
2 21 4
2 55 2
2 64 2
2 87 2
3 1 0
3 5 1
3 28 3
3 39 2
3 47 2
3 50 2
3 57 0
3 66 4
3 75 2
3 78 4
3 84 2
3 86 0
3 92 3
3 93 1
4 0 1
4 12 0
4 62 0
4 63 0
4 81 2
4 82 2
4 88 4
5 14 1
5 15 3
5 35 4
5 39 0
5 44 0
5 47 4
5 51 4
5 53 1
5 59 1
5 62 3
5 74 0
5 99 1
6 4 4
6 34 3
6 44 3
6 58 2
6 65 3
6 67 1
6 72 1
6 78 2
6 83 0
7 4 1
7 12 1
7 19 1
7 28 0
7 57 2
7 58 1
7 61 1
7 65 0
7 82 1
7 86 0
7 89 3
8 13 0
8 14 2
8 21 0
8 42 0
8 59 0
8 63 2
8 70 4
8 72 0
8 76 3
8 86 3
8 91 1
8 99 2
9 19 4
9 53 2
9 54 2
9 56 1
9 61 3
9 69 1
9 81 4
9 99 4
10 6 2
10 7 4
10 12 0
10 13 2
10 27 0
10 40 0
10 44 2
10 46 0
10 53 2
10 60 0
10 75 1
10 81 4
10 98 4
11 18 1
11 25 1
11 27 3
11 30 1
11 45 3
11 58 0
11 67 0
11 68 0
12 8 2
12 10 0
12 22 0
12 34 1
12 45 0
12 62 3
12 86 0
12 88 3
12 90 4
12 95 3
13 3 4
13 8 2
13 18 3
13 19 4
13 34 4
13 52 0
13 58 2
13 59 2
13 66 4
13 74 4
13 83 1
14 2 2
14 29 3
14 72 0
14 75 0
14 99 3
15 3 3
15 27 1
15 28 3
15 34 4
15 70 2
15 88 2
16 10 0
16 11 3
16 22 4
16 54 1
16 63 4
16 69 0
16 87 0
17 4 3
17 26 4
17 46 2
17 63 1
17 65 2
17 77 2
17 79 1
17 93 0
18 9 1
18 38 1
18 43 3
18 47 3
18 51 2
18 59 3
19 13 1
19 37 2
19 42 0
19 43 2
19 59 3
19 60 2
19 62 3
19 73 0
19 84 1
20 32 0
20 57 3
20 65 3
20 70 3
20 84 3
20 88 0
21 30 4
21 47 4
21 50 2
21 51 4
21 63 4
21 66 4
21 67 1
21 71 4
21 74 1
21 85 3
21 89 0
22 7 4
22 38 2
22 51 1
22 52 0
22 55 2
22 57 1
22 60 0
22 63 2
22 87 4
22 90 3
22 94 2
22 95 0
23 6 1
23 14 4
23 22 0
23 54 1
23 81 3
23 92 4
24 2 0
24 20 1
24 27 2
24 49 0
24 56 1
24 63 2
24 90 1
25 11 3
25 27 3
25 32 3
25 33 2
25 59 0
25 64 2
25 73 1
25 75 3
25 82 4
25 86 1
25 94 2
25 99 3
26 1 1
26 5 3
26 10 3
26 12 4
26 18 3
26 24 0
26 25 2
26 28 2
26 33 1
26 54 0
26 74 1
26 76 3
26 80 2
26 97 2
27 0 2
27 5 4
27 13 4
27 15 4
27 21 1
27 32 3
27 36 0
27 41 3
27 52 0
27 56 3
27 57 0
27 64 0
27 71 4
27 84 0
27 88 4
27 89 2
27 92 4
28 11 1
28 14 3
28 18 0
28 29 3
28 34 4
28 43 3
28 55 1
28 78 4
28 80 0
28 83 0
28 84 1
28 93 4
29 15 0
29 29 0
29 49 0
29 55 0
29 67 2
29 73 0
29 79 0
29 81 3
29 85 1
29 93 0
29 99 2
30 23 1
30 29 4
30 32 2
30 57 0
30 65 3
30 69 2
30 70 0
30 72 2
30 79 2
30 88 4
30 90 0
30 93 2
30 96 0
31 1 4
31 30 0
31 34 0
31 45 0
31 50 2
31 53 2
31 83 4
32 0 4
32 5 2
32 8 4
32 13 3
32 16 0
32 26 1
32 28 0
32 38 4
32 42 1
32 50 2
32 72 3
32 91 1
33 2 1
33 32 0
33 36 2
33 41 2
33 59 4
33 64 0
33 77 2
33 82 4
33 97 4
34 3 3
34 12 2
34 16 3
34 18 1
34 25 0
34 33 0
34 37 1
34 38 4
34 49 3
34 64 0
34 68 3
34 69 3
34 78 1
34 97 3
34 99 2
35 7 0
35 17 0
35 23 2
35 53 3
35 56 1
35 77 3
36 1 2
36 9 2
36 13 1
36 19 1
36 56 1
36 61 0
36 85 0
36 86 0
36 94 0
36 95 1
37 1 4
37 7 1
37 12 1
37 18 3
37 36 4
37 40 0
37 49 1
37 52 1
37 56 0
37 64 2
37 68 2
37 70 4
37 71 1
37 80 4
38 4 2
38 15 4
38 21 3
38 23 3
38 26 1
38 28 1
38 46 0
38 52 3
38 53 0
38 85 1
38 88 1
39 17 3
39 23 0
39 46 2
39 75 0
39 85 1
39 93 2
39 96 2
40 2 0
40 8 2
40 17 4
40 41 4
40 46 4
40 48 2
40 67 4
40 85 4
41 0 4
41 2 3
41 8 2
41 10 1
41 36 0
41 38 0
41 40 4
41 45 4
41 52 1
41 57 0
41 64 4
41 70 1
41 73 1
41 74 4
41 75 3
41 76 2
41 86 2
42 5 2
42 11 4
42 17 4
42 44 1
42 58 0
42 86 2
42 94 3
42 96 4
43 3 4
43 7 0
43 17 1
43 20 2
43 21 3
43 31 0
43 48 1
43 49 4
43 51 0
43 56 3
43 75 3
43 76 1
43 95 4
43 97 2
43 98 0
44 24 1
44 30 0
44 40 3
44 44 0
44 66 3
44 77 1
44 79 0
44 82 3
44 94 2
45 3 4
45 10 1
45 11 3
45 14 2
45 16 0
45 18 0
45 31 2
45 38 0
45 40 0
45 47 4
45 48 3
45 53 1
45 60 0
45 66 4
45 68 0
45 71 2
45 91 1
45 95 0
46 9 1
46 15 0
46 25 0
46 54 2
46 71 3
46 94 1
46 96 4
47 10 1
47 28 1
47 35 3
47 37 1
47 54 1
47 61 4
47 63 1
47 70 1
47 92 4
48 35 3
48 37 0
48 43 3
48 44 3
48 47 4
48 48 2
48 55 0
48 56 1
48 60 3
48 72 4
48 91 1
48 92 0
49 9 2
49 14 0
49 25 3
49 36 2
49 41 0
49 78 2
49 80 3
49 87 4
50 1 3
50 14 4
50 15 2
50 25 4
50 27 1
50 29 1
50 36 1
50 39 0
50 44 4
50 51 4
50 60 2
50 61 4
50 66 0
50 77 3
50 85 2
50 97 4
50 98 0
51 0 2
51 5 4
51 6 0
51 16 1
51 31 0
51 47 0
51 48 1
51 67 2
51 70 0
51 72 0
51 80 2
51 84 4
52 15 1
52 17 3
52 27 2
52 28 3
52 32 1
52 38 4
52 45 2
52 76 1
52 79 1
52 82 1
52 87 3
52 90 2
53 0 3
53 13 0
53 22 0
53 24 2
53 33 2
53 37 0
53 38 2
53 42 4
53 49 2
53 51 4
53 56 1
53 67 4
53 68 0
53 73 2
53 81 2
53 89 3
54 2 2
54 7 3
54 13 1
54 15 4
54 24 3
54 30 1
54 42 0
54 58 1
54 73 2
54 98 1
55 23 2
55 29 4
55 33 3
55 37 3
55 46 2
55 47 0
55 61 4
55 70 4
55 84 2
55 88 0
55 99 1
56 11 1
56 22 2
56 40 2
56 57 0
56 78 3
56 90 1
56 98 2
57 26 0
57 45 0
57 55 3
57 91 4
57 94 1
57 99 2
58 10 0
58 29 2
58 52 2
58 60 3
58 62 1
58 64 1
58 98 3
59 1 4
59 7 1
59 9 3
59 19 2
59 20 4
59 29 4
59 37 2
59 41 0
59 45 2
59 50 3
59 58 4
59 65 0
59 88 1
59 89 3
59 90 4
60 2 3
60 11 0
60 21 1
60 35 2
60 77 2
60 83 3
61 10 2
61 18 3
61 21 0
61 23 0
61 25 0
61 61 2
62 6 1
62 11 3
62 22 1
62 31 0
62 33 4
62 38 0
62 41 1
62 66 2
62 70 4
62 83 3
62 92 0
62 93 2
62 97 0
63 3 1
63 6 0
63 12 3
63 39 4
63 46 1
63 57 2
63 72 4
63 85 0
63 94 0
64 4 1
64 10 2
64 33 4
64 37 1
64 45 2
64 50 0
64 53 3
64 67 4
64 71 0
64 72 0
64 89 1
64 92 1
64 96 0
64 98 2
65 0 1
65 8 1
65 41 0
65 48 1
65 54 2
65 55 4
65 60 2
65 64 4
65 75 4
65 78 3
65 91 3
66 17 4
66 26 0
66 28 0
66 40 2
66 42 4
66 61 2
66 63 4
66 64 1
66 78 1
66 81 1
66 85 0
66 87 4
67 2 4
67 4 1
67 6 0
67 9 3
67 12 1
67 24 2
67 27 4
67 58 3
67 74 1
68 13 2
68 21 1
68 43 3
68 48 3
68 75 1
68 79 2
68 85 3
68 86 0
68 89 4
68 91 0
69 7 1
69 14 1
69 24 0
69 34 4
69 51 0
69 63 4
69 87 3
69 89 4
69 93 2
70 5 0
70 16 1
70 56 0
70 59 4
70 96 0
71 9 0
71 20 2
71 22 4
71 25 2
71 27 0
71 48 3
71 73 4
71 76 2
71 80 3
71 84 1
71 95 2
72 8 0
72 30 4
72 40 4
72 65 2
72 66 2
72 71 4
72 72 2
73 6 3
73 9 0
73 16 1
73 18 3
73 19 1
73 20 1
73 24 4
73 53 1
73 55 4
73 79 0
74 1 1
74 22 1
74 42 1
74 49 0
74 52 1
74 59 3
74 69 4
74 81 4
74 96 2
75 11 4
75 21 4
75 29 0
75 41 4
75 42 3
75 44 1
75 90 2
76 0 3
76 4 3
76 14 1
76 19 0
76 20 0
76 23 0
76 26 0
76 27 1
76 37 4
76 42 4
76 43 0
76 52 4
76 67 2
77 17 3
77 24 3
77 30 1
77 37 1
77 39 2
77 50 0
77 51 0
77 61 4
77 69 0
77 75 0
77 87 0
77 89 3
77 93 2
78 2 3
78 22 1
78 30 4
78 49 1
78 55 4
78 69 4
78 79 2
78 94 0
79 0 2
79 9 1
79 10 1
79 21 3
79 41 3
79 43 0
79 58 3
79 65 2
79 71 1
79 73 2
79 74 3
79 76 4
79 92 1
80 4 4
80 33 4
80 39 0
80 47 0
80 61 3
80 69 4
80 76 1
80 92 0
80 95 1
80 97 4
81 31 1
81 34 3
81 46 4
81 59 1
81 60 3
81 62 4
81 65 4
81 89 4
81 91 3
81 93 3
81 98 3
82 1 3
82 9 2
82 16 3
82 19 0
82 23 2
82 24 0
82 44 4
82 45 0
82 53 4
82 83 1
82 97 2
82 98 2
83 6 4
83 7 0
83 8 0
83 26 0
83 34 3
83 35 4
83 36 1
83 39 1
83 50 2
83 62 3
83 68 1
83 73 1
83 82 3
83 97 1
84 12 0
84 35 0
84 39 1
84 49 0
84 66 2
84 79 4
84 84 0
84 87 3
84 90 3
84 95 1
85 42 2
85 44 4
85 65 4
85 66 0
85 80 3
85 98 4
86 0 2
86 32 2
86 39 1
86 82 0
86 96 1
87 2 4
87 3 4
87 14 0
87 17 4
87 20 2
87 26 0
87 29 4
87 43 0
87 48 0
87 58 0
87 71 4
87 77 4
87 82 4
88 20 0
88 32 2
88 68 2
88 78 2
89 8 2
89 33 3
89 43 2
89 54 3
89 69 1
89 80 1
89 81 2
89 95 1
90 15 0
90 16 4
90 18 3
90 22 0
90 34 3
90 52 4
90 71 1
90 74 2
90 76 1
90 83 2
91 19 3
91 26 4
91 28 1
91 69 0
91 87 3
91 92 1
92 15 0
92 17 0
92 23 1
92 39 1
92 41 4
92 43 2
92 46 4
92 47 1
92 55 1
92 74 3
92 86 2
93 4 3
93 16 4
93 30 2
93 31 1
93 46 1
93 68 0
93 76 2
93 77 3
93 84 4
94 11 2
94 26 2
94 35 4
94 36 4
94 49 4
94 68 4
94 83 3
95 20 1
95 25 1
95 32 2
95 38 0
95 40 1
95 62 1
95 68 1
95 73 2
95 77 3
95 78 1
95 91 0
95 94 3
95 97 1
96 3 4
96 6 3
96 25 0
96 31 3
96 50 2
96 62 1
96 96 2
97 6 2
97 7 3
97 13 2
97 24 4
97 31 0
97 32 1
97 33 2
97 35 4
97 54 0
97 79 2
97 80 0
97 83 0
97 99 4
98 23 0
98 36 2
98 40 4
98 48 3
98 60 4
98 80 4
98 90 0
99 12 4
99 16 0
99 35 0
99 57 1
99 62 2
99 88 3
99 95 4
