100
100
3000 3000 3000 3000 3000 3000 3000 3000 3000 3000 3000 3000 3000 3000 3000 3000 3000 3000 3000 3000 3000 3000 3000 3000 3000 3000 3000 3000 3000 3000 3000 3000 3000 3000 3000 3000 3000 3000 3000 3000 3000 3000 3000 3000 3000 3000 3000 3000 3000 3000 3000 3000 3000 3000 3000 3000 3000 3000 3000 3000 3000 3000 3000 3000 3000 3000 3000 3000 3000 3000 3000 3000 3000 3000 3000 3000 3000 3000 3000 3000 3000 3000 3000 3000 3000 3000 3000 3000 3000 3000 3000 3000 3000 3000 3000 3000 3000 3000 3000 3000
0 27 2
0 57 2
0 68 0
0 92 0
0 94 4
0 95 1
0 96 3
0 97 2
0 98 0
0 99 3
1 5 3
1 6 0
1 10 4
1 37 4
1 38 4
1 52 0
1 65 3
1 77 4
1 78 0
1 87 2
2 4 0
2 12 2
2 41 1
2 46 0
2 49 0
2 56 3
2 74 2
2 81 4
2 83 0
2 85 2
3 1 4
3 2 1
3 6 3
3 13 0
3 23 3
3 65 0
3 79 4
3 93 3
3 97 2
3 98 2
4 14 4
4 25 3
4 26 3
4 39 4
4 73 2
4 76 3
4 91 1
4 93 2
4 94 0
4 97 4
5 21 1
5 34 4
5 63 3
5 69 4
5 71 4
5 76 3
5 82 3
5 86 3
5 87 4
5 93 4
6 3 4
6 33 0
6 34 3
6 43 0
6 59 1
6 62 2
6 64 0
6 67 4
6 70 2
6 71 3
7 3 0
7 4 0
7 8 3
7 10 1
7 20 3
7 42 0
7 53 4
7 71 2
7 83 0
7 88 3
8 11 2
8 16 4
8 30 1
8 31 4
8 83 1
8 85 4
8 86 4
8 87 0
8 97 2
8 98 2
9 11 1
9 13 4
9 15 0
9 19 4
9 59 2
9 69 0
9 85 3
9 91 1
9 92 1
9 94 3
10 2 1
10 11 3
10 25 2
10 31 0
10 32 0
10 43 3
10 48 4
10 49 3
10 63 2
10 68 2
11 17 1
11 33 4
11 35 1
11 70 0
11 73 3
11 76 4
11 80 4
11 85 0
11 89 0
11 93 0
12 20 3
12 38 3
12 64 0
12 66 3
12 67 2
12 84 4
12 86 3
12 88 0
12 90 0
12 95 2
13 2 1
13 32 3
13 51 4
13 52 1
13 69 1
13 74 4
13 75 3
13 79 0
13 93 1
13 95 4
14 9 0
14 31 2
14 40 2
14 45 2
14 48 2
14 75 0
14 83 4
14 84 3
14 93 0
14 94 4
15 5 3
15 26 2
15 30 4
15 45 4
15 51 4
15 68 2
15 75 0
15 79 2
15 84 2
15 89 0
16 11 2
16 17 0
16 18 4
16 20 2
16 23 1
16 28 1
16 29 4
16 36 3
16 43 3
16 55 1
17 14 3
17 30 0
17 44 2
17 46 0
17 47 0
17 55 0
17 57 4
17 72 1
17 79 3
17 94 2
18 7 3
18 10 0
18 16 0
18 24 0
18 56 3
18 58 3
18 69 1
18 71 3
18 75 2
18 80 0
19 10 2
19 22 0
19 24 0
19 25 2
19 35 2
19 43 4
19 49 0
19 54 2
19 61 3
19 62 1
20 5 3
20 37 4
20 38 2
20 40 3
20 42 3
20 43 4
20 51 3
20 57 4
20 63 0
20 64 1
21 14 1
21 19 1
21 39 2
21 44 3
21 61 4
21 68 3
21 70 3
21 78 3
21 81 1
21 90 2
22 8 3
22 13 3
22 27 3
22 71 4
22 72 2
22 83 4
22 84 4
22 86 0
22 88 1
22 98 0
23 4 4
23 5 2
23 11 0
23 32 4
23 37 3
23 41 1
23 47 0
23 51 2
23 57 4
23 81 1
24 19 1
24 22 2
24 57 1
24 62 1
24 80 0
24 87 3
24 89 2
24 91 1
24 92 4
24 99 2
25 13 4
25 18 4
25 41 3
25 56 1
25 68 0
25 78 1
25 90 1
25 92 0
25 97 1
25 98 1
26 14 0
26 28 4
26 50 3
26 53 0
26 67 4
26 68 1
26 71 3
26 72 4
26 86 4
26 87 2
27 0 3
27 1 4
27 3 0
27 12 1
27 18 1
27 23 1
27 26 1
27 28 1
27 44 3
27 59 3
28 24 3
28 43 0
28 51 4
28 73 2
28 76 2
28 82 0
28 85 1
28 88 1
28 98 0
28 99 0
29 21 3
29 22 2
29 34 3
29 40 0
29 46 4
29 50 0
29 76 2
29 82 1
29 89 4
29 91 2
30 3 2
30 32 2
30 33 0
30 35 4
30 40 4
30 41 3
30 46 1
30 56 0
30 59 0
30 65 1
31 1 3
31 10 1
31 21 0
31 23 1
31 30 1
31 38 3
31 42 0
31 57 2
31 58 0
31 87 4
32 0 3
32 1 2
32 5 0
32 8 1
32 21 3
32 27 2
32 46 2
32 50 3
32 53 3
32 55 1
33 6 0
33 10 0
33 12 0
33 16 1
33 21 4
33 27 1
33 31 0
33 59 0
33 95 2
33 96 1
34 2 3
34 7 1
34 9 4
34 19 2
34 29 2
34 30 3
34 44 1
34 53 0
34 59 3
34 67 2
35 12 3
35 13 2
35 17 4
35 20 0
35 24 1
35 28 1
35 36 4
35 48 0
35 74 2
35 78 2
36 11 4
36 34 2
36 39 3
36 52 1
36 54 1
36 55 0
36 61 3
36 69 2
36 73 0
36 77 0
37 0 1
37 9 3
37 26 2
37 34 1
37 54 0
37 58 2
37 79 2
37 81 2
37 82 1
37 97 4
38 1 1
38 6 0
38 19 1
38 31 1
38 45 0
38 61 0
38 76 3
38 81 2
38 82 2
38 90 4
39 19 2
39 21 1
39 28 4
39 36 3
39 38 4
39 40 4
39 41 4
39 44 1
39 61 4
39 72 2
40 2 2
40 7 3
40 8 1
40 24 4
40 29 1
40 50 0
40 52 3
40 66 1
40 70 2
40 73 3
41 1 0
41 21 4
41 29 0
41 36 1
41 50 0
41 56 4
41 61 4
41 65 1
41 70 1
41 76 2
42 8 3
42 10 4
42 32 3
42 66 1
42 68 4
42 70 3
42 77 1
42 79 2
42 80 2
42 92 1
43 14 4
43 29 0
43 34 0
43 36 4
43 50 1
43 54 2
43 58 3
43 64 4
43 66 3
43 77 4
44 5 0
44 17 3
44 22 3
44 39 3
44 52 1
44 58 2
44 60 3
44 85 3
44 88 4
44 98 4
45 5 0
45 6 2
45 10 4
45 18 0
45 25 1
45 27 3
45 30 2
45 36 2
45 50 4
45 53 2
46 2 2
46 3 4
46 22 4
46 80 3
46 84 0
46 89 0
46 96 1
46 97 3
46 98 4
46 99 4
47 15 2
47 34 3
47 35 2
47 41 2
47 56 2
47 57 3
47 59 1
47 62 3
47 63 4
47 66 0
48 27 3
48 38 4
48 47 0
48 62 4
48 64 0
48 71 0
48 78 4
48 79 3
48 91 4
48 92 2
49 9 4
49 14 2
49 15 0
49 16 2
49 39 2
49 42 3
49 52 2
49 60 0
49 65 4
49 67 1
50 7 3
50 16 3
50 20 3
50 33 2
50 44 4
50 54 4
50 70 4
50 74 3
50 77 1
50 82 4
51 0 0
51 20 2
51 27 3
51 32 1
51 45 4
51 49 4
51 53 3
51 66 4
51 70 3
51 86 4
52 0 3
52 13 4
52 29 2
52 37 0
52 54 3
52 91 1
52 93 4
52 95 3
52 96 0
52 99 0
53 0 1
53 8 2
53 22 2
53 25 3
53 32 4
53 40 4
53 42 1
53 64 4
53 74 2
53 78 2
54 59 2
54 74 1
54 84 0
54 89 4
54 94 1
54 95 0
54 96 4
54 97 1
54 98 2
54 99 3
55 0 3
55 4 3
55 9 0
55 26 3
55 45 2
55 49 4
55 66 1
55 69 4
55 93 1
55 99 1
56 0 3
56 2 1
56 8 2
56 9 1
56 61 2
56 63 3
56 69 0
56 74 0
56 80 4
56 89 4
57 3 1
57 23 4
57 31 4
57 44 1
57 76 3
57 86 0
57 89 2
57 93 3
57 95 2
57 99 2
58 14 1
58 23 3
58 24 1
58 41 4
58 46 0
58 77 1
58 80 3
58 82 3
58 85 0
58 96 1
59 1 4
59 7 2
59 42 0
59 47 1
59 63 1
59 67 4
59 89 2
59 97 4
59 98 3
59 99 3
60 4 2
60 26 1
60 31 3
60 33 3
60 35 1
60 37 2
60 38 0
60 50 0
60 52 3
60 54 0
61 15 3
61 19 4
61 28 2
61 47 4
61 48 2
61 52 4
61 74 1
61 79 4
61 83 3
61 90 2
62 20 4
62 32 4
62 35 3
62 39 3
62 41 4
62 44 3
62 53 2
62 72 4
62 73 4
62 74 0
63 4 2
63 22 0
63 26 4
63 37 1
63 42 1
63 48 3
63 56 3
63 58 3
63 83 2
63 86 2
64 4 2
64 21 1
64 37 4
64 42 0
64 47 3
64 58 2
64 72 4
64 73 3
64 76 4
64 77 4
65 7 1
65 22 2
65 35 2
65 40 1
65 46 4
65 48 1
65 53 4
65 60 3
65 75 1
65 77 0
66 16 2
66 26 4
66 31 3
66 35 4
66 43 4
66 50 0
66 54 1
66 65 1
66 67 1
66 70 0
67 9 0
67 17 4
67 18 4
67 33 1
67 38 1
67 56 1
67 77 4
67 89 4
67 90 4
67 93 1
68 3 1
68 17 4
68 30 0
68 34 1
68 43 4
68 48 4
68 60 1
68 78 2
68 84 2
68 88 1
69 32 3
69 42 1
69 75 4
69 76 4
69 82 4
69 85 4
69 87 1
69 88 4
69 94 3
69 96 2
70 1 4
70 11 4
70 13 1
70 15 2
70 28 2
70 30 1
70 60 0
70 61 3
70 81 3
70 83 2
71 7 3
71 9 0
71 15 1
71 22 0
71 55 3
71 64 0
71 65 3
71 73 3
71 85 1
71 92 1
72 12 1
72 14 2
72 19 4
72 34 4
72 45 0
72 58 4
72 59 0
72 77 3
72 79 0
72 81 3
73 34 0
73 42 3
73 48 2
73 49 0
73 78 3
73 82 1
73 86 0
73 91 4
73 95 0
73 97 3
74 6 0
74 19 4
74 36 0
74 46 4
74 49 2
74 61 0
74 64 4
74 71 2
74 81 1
74 83 3
75 3 0
75 10 1
75 14 0
75 15 4
75 18 2
75 23 2
75 28 3
75 60 1
75 67 2
75 70 0
76 3 4
76 16 1
76 18 3
76 23 3
76 27 3
76 58 0
76 60 1
76 61 4
76 62 1
76 63 4
77 6 3
77 13 3
77 20 1
77 36 1
77 57 4
77 80 1
77 84 3
77 88 2
77 90 0
77 95 4
78 22 4
78 31 2
78 45 4
78 49 3
78 78 4
78 81 4
78 85 0
78 87 0
78 90 3
78 95 4
79 11 4
79 17 1
79 20 3
79 40 1
79 53 1
79 54 2
79 58 0
79 66 3
79 69 3
79 75 3
80 1 4
80 2 1
80 4 0
80 6 1
80 8 4
80 13 3
80 16 0
80 25 0
80 27 3
80 37 3
81 5 2
81 28 0
81 29 0
81 31 4
81 39 0
81 41 0
81 47 0
81 48 2
81 55 0
81 75 2
82 0 0
82 29 4
82 33 2
82 52 3
82 55 4
82 78 1
82 80 4
82 92 4
82 94 1
82 96 3
83 1 2
83 21 0
83 28 3
83 33 0
83 36 1
83 37 4
83 45 3
83 49 0
83 56 3
83 62 4
84 2 3
84 5 2
84 9 2
84 12 3
84 24 2
84 73 1
84 90 2
84 92 1
84 94 2
84 96 4
85 16 1
85 20 2
85 24 4
85 26 4
85 37 1
85 38 0
85 39 2
85 40 2
85 46 4
85 65 0
86 7 4
86 12 1
86 15 4
86 24 3
86 25 3
86 32 3
86 55 3
86 75 4
86 82 1
86 83 0
87 6 1
87 8 1
87 16 4
87 23 4
87 51 3
87 65 1
87 68 2
87 91 0
87 96 2
87 99 1
88 21 4
88 35 2
88 39 0
88 41 4
88 47 3
88 54 4
88 60 0
88 64 3
88 69 4
88 80 3
89 2 3
89 13 2
89 15 4
89 30 0
89 44 0
89 51 4
89 52 1
89 55 1
89 62 3
89 64 4
90 10 0
90 25 0
90 26 2
90 27 0
90 33 4
90 36 4
90 56 1
90 63 1
90 67 1
90 69 4
91 12 2
91 25 2
91 38 0
91 45 2
91 50 3
91 55 4
91 79 0
91 84 4
91 86 2
91 87 3
92 8 0
92 12 3
92 15 0
92 18 2
92 43 2
92 51 1
92 62 2
92 65 1
92 71 4
92 72 4
93 6 3
93 17 0
93 29 1
93 33 3
93 51 4
93 53 0
93 63 4
93 67 3
93 72 4
93 75 3
94 0 3
94 17 3
94 48 3
94 49 4
94 60 4
94 84 2
94 87 1
94 90 2
94 91 1
94 94 1
95 7 4
95 11 3
95 40 2
95 43 1
95 62 2
95 74 1
95 81 4
95 88 2
95 91 0
95 92 1
96 18 3
96 24 0
96 25 0
96 30 1
96 39 0
96 60 0
96 63 4
96 68 4
96 71 1
96 73 0
97 4 3
97 5 4
97 19 1
97 23 1
97 29 3
97 44 2
97 57 0
97 59 0
97 66 1
97 88 4
98 4 4
98 12 0
98 18 1
98 45 3
98 46 2
98 47 0
98 51 4
98 66 0
98 68 1
98 72 1
99 3 1
99 7 1
99 9 2
99 11 0
99 14 2
99 17 2
99 35 2
99 47 3
99 57 3
99 72 2
