100
100
3000 3000 3000 3000 3000 3000 3000 3000 3000 3000 3000 3000 3000 3000 3000 3000 3000 3000 3000 3000 3000 3000 3000 3000 3000 3000 3000 3000 3000 3000 3000 3000 3000 3000 3000 3000 3000 3000 3000 3000 3000 3000 3000 3000 3000 3000 3000 3000 3000 3000 3000 3000 3000 3000 3000 3000 3000 3000 3000 3000 3000 3000 3000 3000 3000 3000 3000 3000 3000 3000 3000 3000 3000 3000 3000 3000 3000 3000 3000 3000 3000 3000 3000 3000 3000 3000 3000 3000 3000 3000 3000 3000 3000 3000 3000 3000 3000 3000 3000 3000
0 1 3
0 11 0
0 18 1
0 23 0
0 28 3
0 32 4
0 38 3
0 42 1
0 71 2
0 79 1
0 94 3
1 57 3
1 64 0
1 78 2
1 97 2
1 99 1
2 4 1
2 19 1
2 24 4
2 28 0
2 40 1
2 53 1
2 60 4
2 68 0
2 72 4
2 81 3
2 82 2
2 83 4
2 91 1
2 92 0
2 96 4
2 99 3
3 8 1
3 25 4
3 29 2
3 36 4
3 38 4
3 46 1
3 50 4
3 60 2
3 68 4
3 72 4
3 73 0
3 95 4
4 3 2
4 4 2
4 16 0
4 37 4
4 42 4
4 48 4
4 60 1
4 69 4
4 84 0
4 91 4
4 96 0
5 26 2
5 27 0
5 30 2
5 44 2
5 46 0
5 78 4
5 83 0
6 2 1
6 10 4
6 20 0
6 21 2
6 22 2
6 44 0
6 56 0
6 64 0
6 66 3
6 72 4
6 97 0
7 8 3
7 23 3
7 59 3
7 64 1
7 73 1
7 83 3
7 87 0
8 0 1
8 6 2
8 7 2
8 18 0
8 22 3
8 31 2
8 38 2
8 45 3
8 58 1
8 76 2
8 87 3
8 92 2
9 3 0
9 4 1
9 13 3
9 22 1
9 23 1
9 39 2
9 41 2
9 68 2
9 77 0
9 78 0
9 83 4
10 2 4
10 3 2
10 4 1
10 34 4
10 40 0
10 52 2
10 68 1
10 77 4
10 78 4
10 79 2
10 95 0
11 14 3
11 17 0
11 43 2
11 50 0
11 63 1
11 65 4
11 66 4
11 75 4
11 96 0
11 99 4
12 5 4
12 6 0
12 45 0
12 48 3
12 49 0
12 51 0
12 56 2
12 62 3
12 70 2
12 75 4
12 84 3
12 86 3
13 9 1
13 12 3
13 32 0
13 36 1
13 40 1
13 43 3
13 62 2
13 63 3
13 77 4
13 85 3
13 94 4
14 14 0
14 20 3
14 34 4
14 57 1
14 72 4
14 89 0
14 92 0
15 6 0
15 20 2
15 23 1
15 38 2
15 41 2
15 58 3
15 65 1
15 79 2
15 90 1
15 93 3
15 97 4
16 0 0
16 5 3
16 10 0
16 14 2
16 17 1
16 21 0
16 36 3
16 43 0
16 52 1
17 7 3
17 21 1
17 25 2
17 30 2
17 32 0
17 35 2
17 52 4
17 53 2
17 61 0
17 66 2
17 88 1
17 92 1
18 3 0
18 18 3
18 23 4
18 25 1
18 53 1
18 63 1
18 75 1
18 76 0
18 84 4
18 98 2
19 20 3
19 34 0
19 39 2
19 45 1
19 55 3
19 57 4
19 70 4
19 75 3
20 2 0
20 16 2
20 18 0
20 26 3
20 31 0
20 37 0
20 50 2
20 51 1
20 55 4
20 56 0
20 57 3
20 69 4
20 80 1
20 84 2
20 96 3
20 98 3
21 2 3
21 9 2
21 11 1
21 14 4
21 16 4
21 26 2
21 39 0
21 48 0
21 54 1
21 63 1
21 82 0
21 84 0
22 8 2
22 21 0
22 22 4
22 38 3
22 49 3
22 50 2
22 82 2
22 85 3
23 10 4
23 13 1
23 37 4
23 41 0
23 48 4
23 53 3
23 54 0
23 55 2
23 56 2
23 67 0
23 76 4
23 80 4
23 81 3
23 82 0
23 83 0
23 85 4
23 91 3
23 95 4
24 19 3
24 39 4
24 54 2
24 58 3
24 61 4
24 68 3
24 91 1
24 98 1
25 32 2
25 39 4
25 43 3
25 68 0
25 71 3
25 74 4
25 90 4
25 93 1
26 15 3
26 38 3
26 44 1
26 48 0
26 54 2
26 64 0
26 69 0
26 82 2
27 2 4
27 3 0
27 33 2
27 36 0
27 40 1
27 62 2
27 87 3
27 88 4
27 89 3
27 93 1
28 4 4
28 26 3
28 30 0
28 48 3
28 50 2
28 54 0
28 59 3
28 60 0
28 73 4
28 76 4
28 88 2
29 4 4
29 11 0
29 12 2
29 27 1
29 31 2
29 36 1
29 42 0
29 53 3
29 58 3
29 74 3
29 86 1
29 87 1
30 15 0
30 35 2
30 36 2
30 37 2
30 43 0
30 46 2
30 62 3
30 76 1
30 79 0
30 87 1
31 9 3
31 47 4
31 52 0
31 60 0
31 69 2
32 25 2
32 34 3
32 43 0
32 45 4
32 51 1
32 52 1
32 53 2
32 55 4
32 85 4
32 96 2
32 99 1
33 5 1
33 6 4
33 7 4
33 8 3
33 10 0
33 15 1
33 19 1
33 21 4
33 24 4
33 37 2
33 40 0
33 49 3
33 55 1
33 56 0
33 63 1
33 80 2
33 81 3
33 99 3
34 9 3
34 10 0
34 12 2
34 15 1
34 17 1
34 35 0
34 47 2
34 51 3
34 57 1
34 72 1
34 88 3
34 93 0
35 3 3
35 17 4
35 23 1
35 25 2
35 31 0
35 46 1
35 85 2
35 97 4
36 4 1
36 11 1
36 45 1
36 52 2
36 56 0
36 58 4
36 61 4
36 65 3
36 66 4
36 80 0
36 89 1
37 6 0
37 9 2
37 11 3
37 42 0
37 47 4
37 49 0
37 59 1
37 68 0
37 77 3
38 3 4
38 28 4
38 37 1
38 50 4
38 84 3
38 92 2
39 20 4
39 27 0
39 29 4
39 32 0
39 51 1
39 54 1
39 82 0
39 83 4
39 90 4
40 27 0
40 71 1
40 72 2
40 78 2
40 82 1
40 95 4
41 1 2
41 3 4
41 5 4
41 7 4
41 19 4
41 23 1
41 24 2
41 26 0
41 42 3
41 47 2
41 64 2
41 79 1
42 1 0
42 14 3
42 22 0
42 59 4
42 72 2
42 74 3
42 97 2
43 0 0
43 35 2
43 41 1
43 60 3
43 61 0
43 70 3
43 80 4
43 96 0
43 98 0
44 2 0
44 11 2
44 15 2
44 49 3
44 55 0
44 75 1
45 16 3
45 20 1
45 23 4
45 53 3
45 74 0
45 76 2
46 1 2
46 12 3
46 28 2
46 31 0
46 32 0
46 45 2
46 51 2
46 58 0
46 82 4
46 92 4
46 96 3
47 4 3
47 21 1
47 30 4
47 64 2
47 66 4
47 71 0
47 83 0
47 88 2
47 97 4
48 2 0
48 3 4
48 18 1
48 33 0
48 49 1
48 50 3
48 57 3
48 63 0
49 14 4
49 19 3
49 30 3
49 56 0
49 61 1
49 69 0
49 74 4
49 87 1
49 91 2
49 92 4
50 12 4
50 27 1
50 31 2
50 33 2
50 64 3
50 76 4
50 79 1
50 91 3
50 95 1
50 99 4
51 8 0
51 48 3
51 53 0
51 66 4
51 71 0
52 7 0
52 13 2
52 26 1
52 32 1
52 36 4
52 40 1
52 54 3
52 66 4
52 69 3
52 70 3
53 8 0
53 13 2
53 16 4
53 25 2
53 29 2
53 32 4
53 34 3
53 38 1
53 47 4
53 60 1
53 66 4
53 71 1
53 80 2
53 96 1
53 98 0
54 5 1
54 18 3
54 19 4
54 25 0
54 40 2
54 46 4
54 67 4
54 81 3
54 97 0
55 0 2
55 24 1
55 33 0
55 40 3
55 47 3
55 66 0
55 93 0
55 98 0
56 2 1
56 7 4
56 24 4
56 29 2
56 43 2
56 46 3
56 59 0
56 83 1
56 86 1
56 88 1
56 93 4
56 95 3
56 98 0
57 12 2
57 16 4
57 30 3
57 31 2
57 33 0
57 39 4
57 50 1
57 57 0
57 60 0
57 76 4
57 90 1
57 99 2
58 22 0
58 47 0
58 65 1
58 85 4
59 7 2
59 11 3
59 13 2
59 35 2
59 37 3
59 39 4
59 41 0
59 46 3
59 47 4
59 64 1
59 78 2
59 92 0
59 96 4
60 2 4
60 9 0
60 13 1
60 18 0
60 40 3
60 42 2
60 50 3
60 51 0
60 96 3
61 16 0
61 22 1
61 32 2
61 73 1
61 74 3
61 89 0
61 94 1
62 4 3
62 16 2
62 17 3
62 19 2
62 28 0
62 43 3
62 44 0
62 46 2
62 84 0
62 93 3
63 9 4
63 15 2
63 24 3
63 29 3
63 31 4
63 36 2
63 40 1
63 63 1
63 94 0
63 97 3
64 11 0
64 30 4
64 33 4
64 46 3
64 74 2
64 75 1
64 78 4
64 83 0
64 91 3
65 0 2
65 24 4
65 33 4
65 38 3
65 44 0
65 62 2
65 63 0
65 67 3
65 68 2
65 76 1
65 77 3
65 81 4
65 82 4
65 84 4
65 91 3
66 10 2
66 28 4
66 34 3
66 36 2
66 58 1
66 68 0
66 69 4
66 70 0
66 73 3
66 86 4
66 90 3
67 6 1
67 10 1
67 38 4
67 41 3
67 69 1
67 77 4
67 80 2
67 82 0
67 99 2
68 0 1
68 18 1
68 20 2
68 30 3
68 45 2
68 56 3
68 63 4
68 65 1
68 73 0
68 84 0
68 86 0
68 89 4
69 0 3
69 1 0
69 5 4
69 15 3
69 21 4
69 44 0
69 58 1
69 59 2
69 70 2
69 72 0
69 76 1
69 79 0
69 86 3
70 14 3
70 33 0
70 61 3
70 64 0
70 65 4
70 67 3
70 71 1
70 73 2
70 77 4
70 80 4
71 43 0
71 59 1
71 75 2
71 78 0
71 81 2
71 83 1
71 98 4
72 0 2
72 10 4
72 17 2
72 22 1
72 24 3
72 39 1
72 59 1
72 64 0
72 68 0
72 84 1
72 88 4
73 16 1
73 77 1
73 88 0
73 90 4
74 12 0
74 20 1
74 30 2
74 37 4
74 59 2
74 62 4
74 67 3
74 70 0
74 89 1
74 95 0
75 15 1
75 28 2
75 32 4
75 35 1
75 41 1
75 42 4
75 44 0
75 48 2
75 52 4
75 67 1
75 85 2
75 86 4
75 93 4
75 99 3
76 26 3
76 34 4
76 55 1
76 61 2
76 71 3
76 75 0
76 91 4
77 0 4
77 1 1
77 7 4
77 9 4
77 21 4
77 27 3
77 54 4
77 59 3
78 5 1
78 13 4
78 19 4
78 30 1
78 35 3
78 39 1
78 45 3
78 47 4
78 79 4
79 13 2
79 20 1
79 23 4
79 26 3
79 45 3
79 49 1
79 52 1
79 58 4
79 61 3
79 69 1
79 81 4
79 85 3
79 91 4
79 94 1
80 1 1
80 6 4
80 12 2
80 13 2
80 71 0
80 72 0
80 79 1
80 80 3
80 87 1
81 2 3
81 6 0
81 7 2
81 19 1
81 37 1
81 51 4
81 56 0
81 69 4
81 79 3
81 90 2
81 94 4
81 95 3
82 5 3
82 8 2
82 14 3
82 15 3
82 18 1
82 20 1
82 25 2
82 41 2
82 85 0
82 88 4
82 98 4
83 24 2
83 29 3
83 35 2
83 39 2
83 47 1
83 51 2
83 53 2
83 54 0
83 61 3
83 93 4
84 1 3
84 7 3
84 10 4
84 22 0
84 25 4
84 28 2
84 49 1
84 61 1
84 74 2
84 87 4
84 90 3
85 8 0
85 21 0
85 35 2
85 57 1
85 67 1
85 87 4
85 99 3
86 1 0
86 4 2
86 8 4
86 18 2
86 25 4
86 34 2
86 41 4
86 42 0
86 52 2
86 55 1
86 62 4
86 75 4
86 90 1
86 92 3
87 5 3
87 9 0
87 11 2
87 29 1
87 36 2
87 42 2
87 46 2
87 51 3
87 66 1
87 78 1
87 81 4
87 95 2
88 12 2
88 24 2
88 26 3
88 27 3
88 33 3
88 62 0
88 65 4
88 73 1
88 89 4
88 92 4
89 3 2
89 15 3
89 17 0
89 26 4
89 44 0
89 49 4
89 52 3
89 77 2
90 6 3
90 12 3
90 33 4
90 41 4
90 67 3
90 71 1
90 72 3
90 81 2
90 86 3
90 89 1
91 6 0
91 28 2
91 29 4
91 34 2
91 49 4
91 57 1
91 65 4
91 70 0
91 77 2
91 85 2
91 86 2
91 89 3
91 94 1
91 97 3
92 11 0
92 14 0
92 17 2
92 27 2
92 48 0
92 53 3
92 57 1
92 67 3
92 89 3
92 90 2
92 94 0
93 0 2
93 9 0
93 23 2
93 29 3
93 34 4
93 35 3
93 60 4
93 62 4
93 70 1
94 10 2
94 16 1
94 17 1
94 28 1
94 31 3
94 37 2
94 43 4
94 55 4
94 56 4
94 63 0
94 65 3
94 73 1
94 81 2
94 97 2
95 8 2
95 42 4
95 48 1
95 54 1
95 87 1
95 95 2
96 13 2
96 22 1
96 27 3
96 55 4
96 62 1
96 67 0
96 74 1
96 80 4
96 93 0
96 94 0
96 98 0
97 31 3
97 44 2
97 50 2
97 70 3
98 1 2
98 5 2
98 17 0
98 19 2
98 27 1
98 29 0
98 38 0
98 44 2
98 58 4
98 60 0
98 65 4
98 73 2
98 74 2
98 78 2
98 88 4
99 14 1
99 21 0
99 45 2
99 75 1
99 86 4
99 94 1
