100
100
3000 3000 3000 3000 3000 3000 3000 3000 3000 3000 3000 3000 3000 3000 3000 3000 3000 3000 3000 3000 3000 3000 3000 3000 3000 3000 3000 3000 3000 3000 3000 3000 3000 3000 3000 3000 3000 3000 3000 3000 3000 3000 3000 3000 3000 3000 3000 3000 3000 3000 3000 3000 3000 3000 3000 3000 3000 3000 3000 3000 3000 3000 3000 3000 3000 3000 3000 3000 3000 3000 3000 3000 3000 3000 3000 3000 3000 3000 3000 3000 3000 3000 3000 3000 3000 3000 3000 3000 3000 3000 3000 3000 3000 3000 3000 3000 3000 3000 3000 3000
0 5 1
0 10 2
0 18 0
0 32 3
0 61 2
0 65 3
0 67 1
0 74 0
0 93 3
0 94 1
1 4 1
1 30 3
1 42 1
1 44 3
1 46 2
1 51 0
1 52 1
1 61 3
1 67 0
1 94 4
2 4 2
2 8 3
2 10 0
2 13 4
2 18 3
2 33 1
2 55 0
2 79 4
2 87 1
2 88 4
3 6 3
3 19 0
3 27 3
3 42 2
3 71 1
3 78 2
3 82 4
3 87 3
3 92 1
3 98 2
4 7 0
4 8 4
4 11 4
4 18 4
4 39 0
4 62 0
4 74 1
4 75 3
4 84 4
4 97 0
5 4 2
5 10 1
5 21 4
5 26 0
5 30 3
5 37 2
5 38 1
5 54 4
5 79 2
5 99 0
6 6 4
6 34 0
6 39 4
6 45 4
6 53 4
6 55 4
6 62 3
6 68 4
6 69 3
6 76 2
7 1 2
7 12 4
7 13 2
7 23 2
7 48 2
7 57 0
7 73 0
7 80 1
7 87 3
7 97 2
8 3 4
8 4 4
8 11 0
8 26 4
8 31 0
8 42 2
8 53 0
8 55 0
8 67 0
8 89 1
9 10 0
9 21 2
9 35 2
9 57 1
9 72 4
9 79 0
9 84 3
9 85 2
9 94 4
9 96 4
10 1 1
10 12 4
10 28 4
10 34 3
10 40 0
10 46 1
10 71 2
10 86 0
10 88 1
10 99 0
11 0 0
11 12 3
11 31 0
11 50 2
11 56 2
11 68 3
11 71 3
11 77 0
11 83 2
11 98 3
12 3 1
12 5 0
12 15 1
12 31 4
12 41 4
12 59 1
12 60 3
12 66 1
12 69 3
12 93 1
13 36 3
13 47 1
13 48 4
13 55 2
13 57 3
13 62 4
13 69 3
13 85 0
13 89 0
13 91 3
14 11 2
14 19 2
14 20 3
14 25 3
14 30 2
14 41 2
14 50 2
14 70 0
14 74 1
14 95 4
15 24 4
15 30 3
15 38 2
15 52 1
15 69 2
15 73 1
15 79 3
15 83 0
15 93 1
15 99 3
16 17 3
16 30 1
16 33 4
16 35 3
16 50 4
16 72 2
16 75 3
16 84 3
16 89 1
16 91 4
17 7 2
17 19 1
17 25 1
17 32 4
17 60 1
17 69 3
17 73 2
17 77 0
17 78 1
17 85 2
18 20 2
18 22 3
18 34 1
18 38 3
18 40 4
18 44 1
18 88 4
18 92 0
18 93 1
18 96 2
19 4 1
19 6 2
19 15 2
19 24 0
19 28 0
19 32 4
19 55 0
19 65 3
19 75 2
19 83 1
20 7 3
20 15 0
20 19 3
20 28 0
20 36 2
20 41 1
20 50 2
20 65 4
20 72 3
20 79 4
21 12 1
21 20 0
21 30 0
21 41 1
21 46 0
21 52 2
21 57 3
21 62 1
21 63 4
21 90 4
22 20 4
22 28 3
22 32 1
22 34 2
22 59 2
22 62 3
22 81 1
22 85 0
22 89 0
22 93 3
23 20 2
23 25 3
23 30 1
23 31 0
23 40 1
23 41 2
23 61 1
23 67 4
23 68 3
23 75 4
24 4 4
24 8 2
24 9 0
24 12 3
24 29 1
24 34 1
24 47 0
24 62 1
24 84 3
24 92 3
25 11 2
25 17 0
25 41 3
25 42 2
25 50 1
25 55 2
25 68 3
25 69 3
25 73 0
25 88 1
26 13 2
26 14 1
26 24 1
26 38 3
26 44 2
26 45 2
26 61 0
26 71 1
26 75 3
26 81 0
27 8 2
27 9 0
27 19 0
27 30 0
27 34 0
27 55 1
27 64 1
27 69 2
27 72 0
27 88 0
28 2 2
28 8 4
28 16 2
28 42 0
28 58 0
28 63 4
28 69 1
28 72 1
28 79 2
28 99 3
29 16 1
29 29 4
29 39 3
29 40 3
29 46 4
29 59 1
29 63 3
29 66 4
29 76 3
29 86 3
30 3 4
30 16 1
30 18 2
30 24 2
30 32 1
30 44 3
30 61 0
30 66 3
30 72 1
30 81 2
31 1 3
31 2 0
31 15 3
31 23 2
31 33 3
31 39 1
31 49 4
31 54 2
31 56 1
31 75 1
32 1 0
32 16 3
32 18 2
32 25 1
32 31 4
32 37 3
32 49 2
32 80 0
32 97 4
32 98 2
33 4 2
33 6 4
33 11 3
33 22 3
33 42 4
33 56 0
33 59 0
33 75 3
33 80 2
33 94 3
34 0 3
34 7 2
34 12 3
34 29 4
34 37 0
34 45 1
34 56 3
34 58 2
34 97 0
34 99 2
35 0 2
35 5 3
35 15 3
35 26 3
35 63 3
35 64 4
35 69 4
35 77 2
35 86 3
35 99 0
36 0 2
36 10 0
36 36 0
36 40 2
36 61 1
36 65 0
36 70 2
36 78 1
36 89 0
36 98 4
37 13 4
37 29 0
37 35 2
37 40 1
37 54 2
37 61 4
37 87 0
37 91 0
37 93 4
37 97 0
38 8 1
38 13 2
38 20 0
38 23 3
38 24 4
38 42 1
38 48 3
38 63 3
38 92 4
38 96 0
39 17 3
39 38 3
39 43 3
39 53 1
39 57 4
39 60 1
39 67 4
39 82 3
39 88 2
39 96 4
40 4 3
40 5 2
40 32 0
40 53 1
40 54 2
40 58 1
40 64 3
40 72 2
40 88 0
40 93 3
41 0 1
41 6 0
41 19 0
41 22 4
41 24 2
41 25 2
41 28 4
41 35 2
41 53 3
41 62 3
42 4 4
42 5 1
42 31 4
42 34 1
42 52 1
42 58 0
42 69 0
42 80 1
42 84 4
42 93 1
43 18 2
43 25 1
43 36 2
43 51 4
43 56 3
43 57 4
43 68 4
43 70 1
43 84 0
43 99 3
44 7 3
44 32 4
44 37 4
44 54 4
44 59 0
44 76 4
44 77 4
44 79 1
44 83 1
44 98 0
45 6 0
45 24 3
45 30 1
45 36 0
45 44 4
45 53 2
45 60 1
45 70 2
45 75 1
45 92 2
46 15 0
46 16 3
46 21 3
46 46 4
46 74 1
46 76 0
46 78 2
46 79 0
46 84 4
46 94 4
47 0 3
47 8 3
47 9 3
47 10 3
47 23 2
47 25 2
47 30 2
47 35 1
47 68 1
47 73 1
48 8 3
48 12 3
48 16 3
48 35 0
48 37 2
48 60 4
48 78 2
48 79 0
48 92 4
48 95 2
49 8 0
49 11 3
49 15 2
49 24 3
49 33 4
49 46 3
49 49 1
49 72 3
49 81 2
49 98 2
50 0 0
50 5 0
50 17 4
50 26 1
50 38 3
50 44 3
50 59 2
50 72 0
50 79 4
50 90 1
51 17 2
51 24 2
51 37 3
51 43 2
51 53 3
51 61 1
51 65 4
51 77 3
51 86 3
51 94 1
52 7 3
52 9 3
52 27 2
52 30 2
52 43 1
52 52 3
52 55 1
52 82 2
52 88 1
52 91 1
53 6 2
53 10 1
53 18 3
53 19 0
53 22 2
53 37 0
53 39 2
53 46 3
53 50 0
53 56 3
54 7 0
54 14 0
54 23 1
54 37 1
54 51 1
54 57 1
54 79 4
54 84 1
54 95 1
54 97 0
55 4 1
55 9 2
55 11 3
55 26 4
55 41 0
55 44 2
55 45 3
55 58 1
55 85 4
55 93 4
56 2 0
56 10 1
56 17 2
56 20 1
56 36 1
56 41 3
56 60 0
56 67 1
56 91 1
56 98 3
57 2 4
57 13 2
57 25 2
57 28 3
57 36 2
57 42 2
57 55 3
57 58 3
57 60 0
57 89 3
58 0 4
58 12 1
58 42 2
58 45 0
58 65 4
58 68 1
58 70 0
58 81 3
58 89 1
58 93 0
59 10 1
59 22 1
59 26 1
59 44 1
59 48 0
59 69 0
59 87 3
59 89 4
59 93 2
59 97 3
60 1 1
60 5 4
60 32 0
60 59 4
60 60 0
60 67 4
60 80 3
60 85 4
60 94 4
60 99 3
61 3 0
61 11 2
61 34 0
61 44 3
61 52 0
61 71 2
61 76 0
61 82 0
61 88 2
61 97 4
62 10 0
62 22 1
62 35 4
62 39 4
62 53 0
62 60 2
62 69 2
62 72 3
62 77 0
62 80 0
63 17 1
63 18 0
63 21 4
63 36 1
63 39 1
63 46 2
63 52 3
63 57 1
63 87 0
63 92 2
64 16 2
64 17 4
64 52 0
64 53 4
64 66 0
64 74 1
64 78 1
64 79 2
64 84 1
64 87 3
65 10 3
65 16 3
65 19 3
65 60 3
65 70 0
65 72 2
65 74 1
65 77 2
65 86 4
65 98 1
66 8 2
66 11 0
66 21 3
66 24 0
66 32 1
66 34 4
66 39 2
66 43 2
66 65 3
66 79 0
67 22 3
67 30 0
67 39 1
67 54 4
67 60 3
67 61 3
67 71 3
67 79 2
67 81 3
67 99 1
68 21 2
68 26 1
68 32 3
68 33 2
68 43 1
68 61 3
68 66 2
68 71 3
68 80 3
68 81 2
69 3 0
69 6 1
69 9 1
69 17 0
69 20 4
69 22 4
69 41 1
69 58 4
69 73 3
69 86 1
70 32 4
70 33 1
70 42 3
70 48 0
70 65 3
70 70 2
70 81 2
70 84 4
70 95 2
70 97 3
71 0 1
71 1 3
71 11 2
71 22 1
71 29 1
71 52 2
71 63 4
71 64 2
71 68 0
71 70 4
72 4 0
72 33 2
72 54 4
72 57 4
72 60 3
72 62 1
72 69 4
72 86 4
72 96 0
72 98 1
73 17 2
73 38 2
73 42 4
73 44 2
73 58 4
73 59 0
73 73 0
73 75 1
73 77 3
73 91 0
74 1 3
74 12 3
74 32 4
74 38 3
74 49 1
74 50 4
74 53 3
74 57 3
74 79 4
74 88 3
75 15 2
75 17 3
75 28 0
75 45 4
75 55 3
75 59 2
75 92 1
75 93 3
75 96 0
75 97 4
76 11 4
76 13 0
76 18 3
76 33 2
76 49 2
76 62 1
76 74 2
76 76 1
76 82 0
76 97 4
77 4 2
77 13 4
77 15 3
77 30 2
77 31 3
77 61 2
77 63 4
77 64 1
77 74 2
77 75 1
78 3 1
78 12 4
78 21 2
78 26 3
78 46 1
78 56 1
78 59 0
78 71 4
78 77 2
78 99 3
79 13 2
79 27 0
79 29 0
79 31 4
79 37 3
79 64 1
79 68 1
79 72 4
79 79 0
79 95 4
80 1 3
80 16 1
80 24 0
80 34 2
80 36 3
80 67 1
80 74 0
80 84 1
80 90 1
80 95 0
81 0 2
81 10 4
81 19 2
81 31 1
81 40 1
81 44 3
81 51 4
81 62 3
81 92 4
81 95 2
82 9 3
82 22 2
82 25 2
82 40 3
82 44 0
82 48 3
82 51 4
82 55 4
82 69 2
82 82 0
83 9 0
83 30 3
83 40 3
83 42 3
83 49 3
83 67 3
83 81 0
83 87 3
83 94 2
83 96 0
84 8 2
84 11 4
84 13 2
84 25 2
84 37 4
84 52 0
84 62 2
84 63 0
84 68 1
84 80 3
85 1 3
85 2 4
85 18 4
85 31 2
85 40 0
85 44 2
85 67 4
85 92 3
85 94 0
85 96 1
86 10 3
86 32 4
86 37 2
86 41 1
86 47 0
86 64 3
86 65 2
86 72 2
86 86 4
86 91 0
87 5 3
87 19 0
87 21 2
87 25 2
87 42 0
87 45 1
87 53 4
87 55 0
87 74 0
87 91 4
88 22 2
88 46 4
88 49 1
88 51 4
88 62 4
88 64 4
88 65 2
88 93 3
88 95 1
88 98 2
89 1 0
89 3 2
89 16 2
89 20 0
89 27 4
89 50 3
89 88 4
89 93 1
89 95 3
89 98 4
90 3 2
90 4 4
90 46 1
90 60 3
90 62 2
90 66 0
90 69 0
90 77 2
90 79 2
90 97 2
91 10 1
91 13 1
91 18 3
91 27 1
91 34 4
91 50 1
91 70 0
91 85 2
91 97 0
91 99 2
92 11 1
92 16 4
92 21 4
92 24 0
92 31 1
92 36 2
92 47 1
92 68 4
92 73 3
92 92 4
93 1 4
93 33 1
93 35 2
93 37 2
93 48 4
93 59 2
93 66 0
93 78 1
93 81 2
93 92 4
94 6 3
94 26 3
94 27 0
94 31 0
94 32 3
94 63 3
94 71 1
94 73 2
94 89 1
94 95 4
95 3 2
95 19 4
95 20 3
95 32 0
95 39 2
95 45 1
95 55 4
95 79 2
95 82 0
95 85 4
96 2 1
96 15 0
96 25 2
96 38 2
96 44 1
96 60 0
96 77 0
96 83 2
96 87 1
96 93 4
97 6 0
97 20 3
97 21 1
97 29 4
97 30 2
97 31 1
97 34 1
97 37 0
97 68 3
97 76 3
98 2 1
98 13 1
98 19 4
98 31 3
98 40 3
98 48 3
98 51 2
98 70 4
98 80 3
98 93 3
99 4 1
99 7 2
99 8 2
99 11 0
99 16 0
99 55 0
99 62 4
99 64 2
99 69 2
99 78 1
