100
100
3000 3000 3000 3000 3000 3000 3000 3000 3000 3000 3000 3000 3000 3000 3000 3000 3000 3000 3000 3000 3000 3000 3000 3000 3000 3000 3000 3000 3000 3000 3000 3000 3000 3000 3000 3000 3000 3000 3000 3000 3000 3000 3000 3000 3000 3000 3000 3000 3000 3000 3000 3000 3000 3000 3000 3000 3000 3000 3000 3000 3000 3000 3000 3000 3000 3000 3000 3000 3000 3000 3000 3000 3000 3000 3000 3000 3000 3000 3000 3000 3000 3000 3000 3000 3000 3000 3000 3000 3000 3000 3000 3000 3000 3000 3000 3000 3000 3000 3000 3000
0 16 1
0 17 4
0 21 2
0 22 4
0 35 3
0 47 1
0 74 3
0 77 0
0 83 3
0 89 4
1 0 1
1 21 1
1 26 0
1 33 2
1 44 3
1 58 0
1 61 4
1 81 0
1 85 4
1 98 2
2 2 3
2 29 4
2 35 1
2 38 3
2 59 4
2 68 2
2 77 4
2 89 3
2 92 2
2 98 1
3 24 2
3 26 1
3 32 3
3 36 2
3 40 4
3 46 0
3 56 4
3 69 1
3 76 3
3 95 4
4 14 0
4 19 4
4 30 0
4 36 4
4 40 3
4 52 4
4 55 4
4 60 0
4 78 4
4 92 3
5 4 1
5 25 3
5 31 2
5 42 2
5 43 2
5 44 3
5 52 0
5 57 1
5 69 0
5 92 1
6 5 3
6 25 4
6 29 0
6 51 0
6 54 2
6 61 0
6 72 1
6 83 4
6 86 2
6 93 0
7 4 2
7 12 0
7 14 0
7 24 2
7 25 0
7 29 3
7 38 0
7 39 4
7 78 4
7 91 1
8 8 3
8 17 3
8 18 4
8 37 0
8 39 1
8 80 1
8 81 3
8 83 2
8 91 4
8 99 0
9 21 3
9 23 3
9 28 2
9 43 0
9 45 4
9 48 2
9 53 4
9 61 2
9 69 2
9 70 4
10 33 4
10 37 2
10 39 1
10 40 4
10 51 3
10 54 0
10 69 2
10 74 3
10 76 3
10 93 4
11 10 3
11 17 3
11 46 1
11 48 3
11 64 4
11 68 0
11 71 0
11 76 2
11 79 0
11 80 3
12 25 4
12 33 4
12 47 2
12 51 2
12 57 2
12 62 0
12 79 3
12 83 2
12 91 0
12 96 3
13 4 4
13 8 1
13 9 1
13 22 0
13 23 3
13 34 4
13 45 1
13 56 4
13 84 2
13 96 1
14 15 0
14 20 4
14 32 2
14 33 2
14 59 0
14 64 2
14 69 4
14 72 1
14 91 2
14 95 1
15 5 3
15 10 3
15 41 1
15 67 2
15 68 1
15 72 2
15 76 3
15 81 3
15 90 2
15 91 1
16 13 3
16 22 4
16 23 0
16 28 0
16 29 1
16 46 0
16 52 1
16 68 0
16 72 3
16 85 1
17 3 0
17 27 2
17 29 3
17 33 1
17 35 4
17 45 2
17 46 3
17 54 1
17 72 1
17 73 4
18 4 3
18 35 1
18 58 2
18 62 2
18 66 3
18 69 2
18 76 3
18 85 4
18 92 1
18 98 3
19 18 2
19 20 2
19 32 2
19 45 3
19 55 2
19 61 4
19 85 3
19 89 0
19 92 3
19 94 3
20 0 3
20 2 3
20 12 0
20 13 1
20 45 1
20 47 0
20 54 3
20 55 2
20 77 0
20 96 3
21 13 1
21 24 1
21 27 2
21 31 1
21 35 4
21 47 0
21 61 0
21 78 3
21 92 3
21 96 3
22 1 1
22 26 3
22 32 0
22 33 0
22 46 0
22 65 3
22 70 4
22 71 0
22 79 1
22 96 0
23 1 4
23 3 3
23 34 0
23 53 3
23 56 2
23 60 2
23 62 4
23 78 3
23 81 4
23 97 4
24 22 3
24 23 0
24 28 3
24 30 1
24 39 1
24 42 2
24 54 4
24 83 1
24 90 3
24 92 2
25 0 1
25 6 3
25 14 2
25 25 4
25 37 2
25 46 4
25 51 1
25 61 2
25 66 4
25 94 3
26 3 4
26 14 2
26 25 0
26 37 0
26 39 4
26 49 0
26 63 4
26 66 4
26 85 3
26 94 3
27 0 0
27 6 2
27 14 2
27 23 2
27 26 0
27 36 0
27 41 4
27 65 3
27 74 4
27 81 3
28 1 2
28 4 4
28 43 2
28 53 2
28 58 3
28 61 1
28 64 2
28 75 0
28 76 1
28 96 1
29 1 4
29 25 3
29 33 4
29 56 0
29 63 1
29 66 2
29 70 4
29 76 2
29 88 2
29 94 1
30 7 4
30 24 0
30 33 4
30 49 0
30 52 3
30 63 3
30 66 3
30 75 4
30 90 0
30 96 2
31 18 4
31 20 2
31 24 1
31 28 0
31 40 1
31 57 0
31 78 1
31 84 0
31 87 3
31 93 2
32 3 2
32 19 3
32 24 0
32 32 4
32 36 1
32 42 0
32 45 4
32 78 1
32 91 2
32 92 3
33 5 3
33 49 3
33 60 0
33 68 4
33 69 0
33 78 2
33 85 1
33 86 3
33 97 0
33 99 3
34 16 4
34 37 0
34 60 2
34 77 2
34 80 1
34 86 1
34 92 3
34 94 2
34 97 4
34 99 4
35 1 2
35 23 3
35 28 3
35 32 1
35 43 3
35 60 1
35 62 2
35 78 2
35 83 4
35 93 2
36 0 3
36 8 1
36 25 4
36 26 3
36 48 2
36 52 4
36 60 4
36 75 0
36 76 0
36 88 3
37 23 0
37 30 2
37 44 2
37 50 3
37 51 4
37 65 0
37 66 4
37 72 2
37 91 4
37 98 4
38 19 0
38 26 4
38 30 2
38 50 4
38 66 0
38 73 4
38 76 0
38 92 4
38 94 0
38 96 3
39 5 3
39 23 0
39 25 3
39 33 2
39 40 4
39 51 3
39 57 4
39 72 1
39 80 1
39 87 0
40 9 3
40 15 2
40 21 1
40 36 1
40 59 1
40 67 1
40 84 3
40 91 0
40 92 0
40 94 1
41 1 2
41 12 2
41 17 4
41 19 3
41 34 3
41 56 2
41 62 2
41 74 0
41 77 3
41 96 1
42 13 0
42 20 4
42 41 1
42 42 3
42 43 2
42 44 4
42 49 3
42 64 3
42 72 4
42 78 1
43 9 1
43 10 0
43 12 1
43 20 3
43 32 1
43 35 0
43 40 1
43 57 2
43 71 4
43 73 3
44 0 4
44 10 4
44 17 3
44 20 3
44 30 4
44 35 1
44 50 0
44 71 0
44 91 2
44 98 0
45 10 3
45 26 2
45 34 2
45 37 0
45 38 4
45 44 4
45 48 4
45 68 0
45 72 1
45 76 4
46 18 1
46 21 2
46 26 4
46 38 2
46 61 4
46 62 1
46 68 3
46 69 4
46 77 3
46 98 1
47 0 3
47 5 0
47 8 3
47 15 3
47 20 0
47 32 1
47 65 1
47 70 4
47 87 0
47 98 4
48 1 3
48 25 4
48 41 2
48 42 2
48 43 2
48 47 2
48 50 1
48 53 1
48 58 2
48 99 1
49 13 4
49 18 4
49 29 1
49 41 4
49 43 0
49 48 0
49 65 1
49 69 2
49 82 0
49 83 1
50 4 4
50 12 2
50 19 3
50 23 3
50 25 0
50 34 1
50 62 0
50 66 1
50 70 3
50 91 0
51 2 3
51 9 3
51 16 0
51 23 3
51 24 3
51 41 0
51 51 3
51 61 2
51 67 3
51 77 4
52 4 1
52 6 3
52 10 0
52 45 0
52 49 3
52 51 4
52 62 1
52 66 4
52 75 3
52 76 1
53 1 1
53 5 0
53 34 0
53 39 4
53 49 1
53 50 1
53 55 1
53 57 0
53 58 3
53 81 0
54 9 0
54 14 0
54 17 3
54 19 2
54 25 2
54 29 0
54 60 4
54 85 0
54 87 4
54 89 0
55 12 0
55 26 3
55 46 4
55 51 1
55 54 0
55 64 4
55 79 1
55 84 4
55 87 4
55 91 2
56 0 4
56 9 1
56 36 2
56 48 2
56 51 0
56 61 2
56 64 3
56 71 4
56 77 0
56 90 3
57 8 3
57 40 2
57 45 1
57 48 1
57 49 4
57 55 2
57 64 0
57 67 0
57 71 3
57 95 0
58 5 0
58 9 1
58 15 3
58 17 0
58 28 2
58 34 1
58 59 4
58 62 4
58 68 4
58 97 3
59 0 3
59 23 1
59 28 4
59 33 3
59 36 1
59 45 0
59 66 1
59 69 1
59 80 4
59 95 0
60 27 3
60 28 2
60 29 4
60 33 0
60 34 3
60 50 1
60 57 3
60 65 0
60 89 1
60 97 4
61 14 1
61 21 4
61 32 4
61 37 0
61 47 1
61 48 0
61 70 4
61 86 0
61 88 3
61 90 2
62 24 1
62 29 4
62 30 3
62 37 2
62 40 3
62 50 1
62 51 2
62 65 3
62 78 4
62 85 0
63 6 1
63 11 4
63 43 0
63 46 0
63 53 4
63 55 1
63 79 3
63 85 4
63 92 0
63 94 4
64 2 4
64 13 1
64 21 4
64 33 1
64 40 0
64 45 4
64 79 2
64 85 3
64 92 1
64 95 0
65 6 4
65 21 2
65 23 0
65 33 2
65 42 3
65 44 0
65 73 2
65 82 1
65 85 4
65 90 2
66 3 2
66 17 3
66 31 3
66 45 2
66 46 0
66 55 0
66 56 4
66 68 1
66 76 0
66 84 1
67 12 2
67 18 1
67 38 3
67 42 2
67 44 1
67 78 3
67 82 4
67 89 2
67 98 4
67 99 3
68 21 2
68 31 3
68 37 1
68 50 4
68 65 1
68 75 0
68 80 3
68 82 1
68 90 4
68 99 2
69 9 3
69 20 3
69 22 4
69 44 0
69 49 3
69 55 2
69 60 1
69 76 1
69 85 3
69 92 3
70 10 4
70 33 3
70 36 4
70 41 4
70 44 4
70 62 0
70 63 4
70 73 1
70 79 0
70 81 2
71 7 4
71 16 0
71 38 4
71 68 2
71 74 1
71 75 0
71 77 4
71 80 4
71 93 1
71 94 3
72 17 2
72 22 3
72 25 0
72 43 2
72 49 1
72 58 3
72 59 3
72 61 2
72 68 0
72 91 4
73 3 2
73 5 1
73 34 4
73 45 3
73 46 2
73 53 3
73 86 4
73 89 1
73 95 2
73 96 4
74 1 2
74 11 4
74 14 2
74 21 4
74 30 0
74 34 0
74 44 2
74 62 3
74 81 3
74 94 2
75 3 4
75 15 3
75 22 4
75 34 3
75 37 3
75 39 3
75 41 0
75 58 0
75 59 3
75 87 3
76 1 0
76 16 3
76 19 1
76 23 4
76 35 3
76 43 2
76 45 1
76 54 0
76 55 4
76 63 0
77 6 3
77 15 1
77 18 4
77 22 2
77 29 4
77 44 0
77 54 0
77 75 0
77 77 1
77 85 1
78 9 1
78 16 1
78 25 0
78 38 0
78 41 3
78 48 0
78 54 3
78 56 0
78 61 0
78 83 2
79 5 2
79 30 1
79 57 4
79 58 4
79 66 0
79 73 4
79 75 1
79 85 3
79 96 1
79 99 3
80 3 0
80 21 2
80 44 3
80 64 1
80 75 0
80 77 0
80 79 0
80 85 2
80 86 4
80 99 0
81 6 3
81 7 3
81 29 4
81 37 1
81 42 3
81 50 4
81 62 0
81 72 3
81 83 0
81 95 1
82 5 1
82 10 3
82 26 0
82 34 4
82 36 1
82 52 3
82 60 0
82 79 2
82 87 4
82 99 2
83 10 4
83 13 0
83 19 3
83 25 3
83 50 2
83 56 0
83 62 3
83 74 1
83 86 3
83 88 0
84 15 0
84 17 4
84 20 1
84 25 0
84 27 0
84 37 3
84 38 3
84 56 3
84 85 4
84 99 4
85 8 4
85 9 2
85 10 4
85 23 3
85 65 3
85 81 2
85 83 2
85 86 4
85 95 1
85 98 0
86 4 2
86 5 1
86 7 1
86 8 2
86 16 2
86 22 4
86 28 0
86 37 2
86 45 1
86 48 0
87 12 1
87 15 2
87 23 1
87 27 2
87 31 1
87 43 2
87 44 2
87 64 3
87 82 2
87 92 1
88 11 4
88 13 4
88 22 4
88 30 2
88 34 3
88 64 3
88 66 4
88 87 3
88 96 4
88 97 0
89 18 1
89 26 4
89 27 3
89 46 1
89 47 1
89 57 0
89 67 1
89 80 2
89 82 4
89 92 3
90 2 3
90 10 1
90 15 1
90 18 0
90 34 0
90 37 4
90 50 2
90 59 1
90 66 3
90 72 0
91 2 4
91 28 1
91 35 2
91 38 3
91 41 4
91 44 3
91 52 2
91 59 2
91 62 3
91 98 0
92 1 0
92 2 0
92 24 4
92 39 0
92 42 2
92 67 0
92 80 2
92 91 1
92 92 3
92 99 4
93 22 0
93 23 0
93 30 1
93 35 3
93 46 3
93 53 4
93 54 1
93 75 3
93 94 0
93 99 4
94 8 3
94 13 2
94 14 2
94 31 3
94 68 2
94 70 2
94 84 2
94 92 1
94 93 0
94 99 1
95 10 2
95 12 4
95 26 4
95 27 2
95 41 4
95 75 1
95 76 3
95 80 1
95 83 1
95 87 4
96 2 3
96 15 2
96 38 3
96 46 0
96 52 3
96 58 3
96 66 1
96 82 0
96 84 3
96 90 3
97 6 3
97 9 4
97 11 1
97 12 2
97 43 0
97 46 2
97 54 4
97 58 4
97 78 0
97 89 0
98 1 4
98 2 2
98 13 1
98 18 0
98 57 2
98 63 2
98 79 3
98 90 1
98 94 0
98 97 0
99 18 4
99 24 1
99 29 1
99 30 3
99 47 2
99 50 0
99 53 0
99 67 0
99 71 1
99 72 1
